#   36.647   0.275   1.118 ;Mean Elev.(m), Avg Gradient(m/km), RMS Gradient(m/km) - SRTM1     
#   59.500   0.217   1.149 ;Mean Elev.(m), Avg Gradient(m/km), RMS Gradient(m/km) - ASTER GDEM
#   38.643   0.268   1.216 ;Mean Elev.(m), Avg Gradient(m/km), RMS Gradient(m/km) - GMTED2010 
   1  30.853129  27.574284    42.261    42.261  2 54662.69909676 49.365
   2  30.851479  27.574036   169.197   169.197  2 54672.61474141  4.130
   3  30.851616  27.572652   -35.558   -35.558  2 54682.53038523  3.393
   4  30.852507  27.574680   169.173   169.117  3 54692.44602736  5.107
   7  30.851800  27.573190   163.143   169.782  3 54722.19296753  4.152
   8  30.849176  27.568466   171.105   171.105  2 54732.10861674  4.648
   9  30.847282  27.565737   171.625   171.625  2 54742.02426381  5.278
  10  30.846533  27.566012   171.260   171.260  2 54751.93991007  3.890
  11  30.847100  27.566328   172.382   172.382  2 54761.85555614  4.163
  15  30.850230  27.570310   170.838   170.838  2 54801.51811582  4.561
  16  30.851869  27.572638   170.016   170.016  2 54811.43375319  4.270
  17  30.852934  27.574561   169.710   169.710  2 54821.34939433  4.302
  18  30.851241  27.573636   169.144   169.144  2 54831.26504699  5.174
  21  30.847382  27.566194    40.092    40.092  2 54861.01198497 45.259
  22  30.847100  27.565927   172.095   172.095  2 54870.92763347  4.020
  24  30.846886  27.566745   171.055   171.055  2 54890.75892389  3.573
  25  30.846643  27.564419   172.113   172.113  2 54900.67456509  4.799
  26  30.845482  27.564560    40.646    40.607  3 54910.59020399 36.459
  27  30.846004  27.564971    40.509    40.454  3 54920.50584199 38.419
  29  30.850232  27.569901    41.176    41.176  2 54940.33711564 42.195
  30  30.851404  27.573921    41.230    41.230  2 54950.25274983 46.426
  31  30.851957  27.573563   169.724   169.724  2 54960.16838966  4.564
  32  30.850916  27.571380   170.047   170.047  2 54970.08403865  4.900
  33  30.850742  27.570526   171.408   171.408  2 54979.99968601  4.716
  34  30.850445  27.570980   170.848   170.848  2 54989.91533274  4.421
  39  30.850349  27.569845   171.743   171.743  2 55039.49355212  3.967
  40  30.851496  27.572373    41.757    41.757  2 55049.40919241 33.356
  41  30.852623  27.574571   169.662   169.662  2 55059.32483073  4.444
  42  30.852651  27.574252   169.700   169.821  3 55069.24047077  4.705
  49  30.848041  27.566913   171.442   171.442  2 55138.64998626  4.209
  52  30.852060  27.573263   170.149   170.149  2 55168.39690071  3.857
  54  30.852807  27.574204   169.696   169.696  2 55188.22818364  5.340
  58  30.848405  27.568023    39.757    39.757  2 55227.89078290 44.222
  60  30.846887  27.566676    40.126    40.126  2 55247.72207022 38.732
  61  30.845638  27.565536   171.143   171.143  2 55257.63770987  4.712
  62  30.845835  27.564788   172.040   172.048  3 55267.55334895  3.935
  65  30.851651  27.572690   169.862   169.862  2 55297.30025928  4.695
  66  30.851777  27.571556   170.977   170.977  2 55307.21590137  4.922
  68  30.848230  27.568053    40.805    40.805  2 55327.04719385 37.523
  71  30.851149  27.570679   171.659   171.659  2 55356.79412344  4.113
  74  30.851360  27.573251   169.467   169.467  2 55386.54103988  4.720
  75  30.853882  27.573835   170.417   170.417  2 55396.45667729  5.025
  77  30.852778  27.574417   169.612   169.938  3 55416.28797047  4.556
  79  30.848132  27.567647   171.004   171.004  2 55436.11926478  4.758
  81  30.847783  27.566479    40.309    40.309  2 55455.95055156 35.977
  84  30.851708  27.571605   170.973   170.973  2 55485.69746804  3.611
  85  30.851766  27.572221   170.134   170.134  2 55495.61310196  5.030
  86  30.852293  27.574058   169.697   169.697  2 55505.52873599  4.421
  87  30.851080  27.573676   169.116   169.116  2 55515.44438680  4.945
  88  30.851577  27.573384   169.607   169.607  2 55525.36003693  4.161
  91  30.849036  27.568391   171.610   171.610  2 55555.10697575  3.754
  94  30.851225  27.570933   170.191   170.191  2 55584.85390072  4.649
  95  30.851759  27.573189   169.489   169.561  3 55594.76953735  5.194
  96  30.852127  27.573868   169.678   169.678  2 55604.68517102  4.849
  97  30.852947  27.574313   169.772   169.772  2 55614.60080295  4.252
  98  30.853049  27.575109   169.581   169.581  2 55624.51644216  4.955
  99  30.851712  27.573302   169.692   169.692  2 55634.43209533  4.146
 103  30.849307  27.568976    40.385    40.385  2 55674.09467813 38.551
 105  30.851715  27.571231   170.304   170.304  2 55693.92595303  4.977
 108  30.852831  27.574321   169.732   169.832  3 55723.67288179  4.744
 115  30.851809  27.573304   169.719   169.819  3 55793.08237127  4.559
 117  30.852836  27.574845   169.676   169.676  2 55812.91365520  4.743
 118  30.853249  27.573533   170.274   170.274  2 55822.82930313  4.417
 119  30.853381  27.573548   170.473   170.473  2 55832.74494599  4.315
 120  30.852989  27.574789   169.657   169.657  2 55842.66058431  5.165
 123  30.852723  27.574468   169.651   169.692  3 55872.40750977  5.604
 124  30.852746  27.573945   169.819   169.962  3 55882.32315974  5.377
 125  30.852644  27.575184   169.386   169.386  2 55892.23880283  5.728
 128  30.851810  27.573282   169.550   169.550  2 55921.98573025  4.882
 136  30.853870  27.574065   170.626   170.626  2 56001.31086731  4.750
 141  30.851320  27.570822   170.984   170.984  2 56050.88908872  5.072
 142  30.853495  27.573672   170.519   170.519  2 56060.80472447  4.442
 144  30.852558  27.574086   169.847   169.847  2 56080.63601181  5.175
 148  30.851117  27.572037   170.325   170.325  2 56120.29857774  5.494
 149  30.851856  27.573205   169.500   169.500  2 56130.21421403  4.831
 150  30.852821  27.574479   169.774   169.774  2 56140.12984711  4.466
 157  30.852642  27.574217   169.784   169.830  3 56209.53934729  4.874
 161  30.851930  27.573093   169.840   169.840  2 56249.20193246  4.444
 162  30.851026  27.571568   170.210   170.210  2 56259.11757774  5.019
 163  30.851103  27.571782   170.106   170.106  2 56269.03321971  4.464
 164  30.852003  27.572162   170.302   170.302  2 56278.94885984  4.159
 167  30.848207  27.568075    39.605    39.605  2 56308.69580290 43.120
 169  30.848140  27.567536    39.926    39.926  2 56328.52708652 43.323
 171  30.851619  27.574479   169.372   169.193  3 56348.35836467  3.661
 173  30.850818  27.571401    40.542    40.542  2 56368.18965148 34.891
 175  30.847552  27.567512    40.779    40.779  2 56388.02094564 41.478
 177  30.851296  27.571515    40.780    40.780  2 56407.85222904 32.459
 178  30.852645  27.574369   169.769   169.769  2 56417.76786523  3.799
 180  30.851659  27.571832    41.384    41.384  2 56437.59915067 33.989
 183  30.848805  27.568565   171.183   171.183  2 56467.34609813  4.781
 187  30.852025  27.572630   170.041   170.041  2 56507.00864763  4.660
 190  30.852813  27.574244    40.830    40.830  2 56536.75558645 30.474
 194  30.851295  27.571770   170.161   170.161  2 56576.41816060  5.722
 197  30.852241  27.573875   169.662   169.662  2 56606.16509020  5.518
 198  30.850550  27.570055    40.342    40.342  2 56616.08073824 43.131
 201  30.852700  27.573666   169.754   169.754  2 56645.82766144  5.383
 207  30.851397  27.573743   169.205   169.205  2 56705.32153321  5.263
 211  30.847104  27.567148    40.580    40.580  2 56744.98411617 39.865
 213  30.852598  27.573618   169.901   170.096  3 56764.81539356  4.498
 215  30.850639  27.570215   170.792   170.792  2 56784.64668764  7.284
 216  30.847035  27.566612    41.348    41.348  2 56794.56234130 36.479
 217  30.845563  27.563938    41.880    41.880  2 56804.47799155 41.661
 218  30.846192  27.565898    41.945    41.945  2 56814.39363401 35.856
 221  30.851729  27.571542    41.910    41.910  2 56844.14053984 47.537
 223  30.849955  27.569877    41.765    41.765  2 56863.97183687 36.956
 227  30.847358  27.566066    41.291    41.291  2 56903.63442915 37.385
 228  30.846132  27.566627    40.565    40.565  2 56913.55007038 33.435
 229  30.847559  27.567162    40.028    40.028  2 56923.46571038 32.797
 231  30.854249  27.574378    40.267    40.267  2 56943.29697960 45.892
 232  30.854288  27.573907   170.798   170.798  2 56953.21262591  4.175
 233  30.851369  27.571331   170.774   170.774  2 56963.12827682  4.487
 236  30.851408  27.573500   169.478   169.478  2 56992.87519957  4.319
 238  30.851168  27.572497   169.401   169.401  2 57012.70649151  5.599
 239  30.849331  27.569298    39.419    39.419  2 57022.62214324 42.031
 244  30.852014  27.572386   170.059   170.059  2 57072.20035882  5.059
 246  30.853549  27.573703   170.413   170.413  2 57092.03163492  4.666
 247  30.851406  27.570935   170.515   170.515  2 57101.94729238  4.351
 252  30.851804  27.573199    41.280    41.269  3 57151.52550674 38.851
 254  30.852447  27.573821   170.008   169.771  3 57171.35679418  4.506
 256  30.848808  27.567946   171.467   171.467  2 57191.18810116  4.107
 257  30.847667  27.567069    42.266    42.266  2 57201.10374899 41.294
 258  30.847783  27.567828    42.481    42.481  2 57211.01938269 41.978
 262  30.852099  27.572150   170.393   170.393  2 57250.68194466  4.743
 263  30.852807  27.575390    41.030    41.030  2 57260.59757927 36.513
 266  30.852542  27.574554   169.710   169.610  3 57290.34452351  4.341
 270  30.847555  27.567079    40.638    40.638  2 57330.00711409 43.551
 272  30.848411  27.567843   171.049   171.049  2 57349.83840363  5.485
 274  30.848163  27.567192    39.555    39.555  2 57369.66969090 43.881
 275  30.848482  27.568115    39.338    39.338  2 57379.58533061 35.242
 276  30.850528  27.570671    39.657    39.657  2 57389.50096915 32.087
 277  30.853471  27.574378    39.510    39.510  2 57399.41660674 37.193
 279  30.852556  27.574603   169.545   169.357  3 57419.24789826  4.388
 284  30.851590  27.572173   170.498   170.498  2 57468.82613100  4.649
 285  30.852426  27.573566   170.091   170.091  2 57478.74176884  4.395
 286  30.852325  27.574980    40.189    40.189  2 57488.65740356 31.146
 289  30.852338  27.573881    41.329    41.364  3 57518.40433500 44.241
 292  30.848277  27.568259   170.812   170.812  2 57548.15128763  5.002
 293  30.847650  27.566590    42.304    42.304  2 57558.06693403 39.942
 297  30.851425  27.570887    41.888    41.888  2 57597.72950581 44.847
