-196361.573    33.309     0.00    3.84
-196074.558    33.703     1.37    3.97
-195787.556    35.387     5.87    4.65
-195500.569    39.173    13.19    7.75
-195213.597    44.027    16.92   11.61
-194926.638    51.011    24.34   15.19
-194639.694    59.550    29.76   18.12
-194349.721    69.330    33.73   18.26
-194059.685    77.112    26.84   16.22
-193769.664    83.160    20.86   12.15
-193479.657    86.540    11.66    8.58
-193189.665    87.919     4.76    6.44
-192899.687    88.314     1.36    5.84
-192609.724    86.875    -4.96    5.92
-192319.775    85.408    -5.06    5.52
-192029.841    84.489    -3.17    5.24
-191739.922    84.101    -1.34    4.66
-191450.017    84.805     2.43    4.46
-191160.127    85.612     2.78    4.93
-190870.251    88.133     8.70    6.21
-190580.390    93.354    18.02   11.06
-190290.544   101.334    27.54   16.13
-190000.712   108.068    23.23   16.92
-189710.895   113.687    19.39   15.86
-189421.092   119.489    20.02   12.94
-189131.303   123.011    12.16    9.57
-188841.530   125.089     7.17    8.56
-188551.771   127.129     7.04    9.30
-188262.026   128.937     6.24   10.04
-187972.296   132.011    10.61   10.13
-187682.580   135.467    11.93   10.27
-187392.879   139.653    14.45    9.75
-187103.193   144.436    16.51    8.34
-186813.521   147.396    10.22    8.00
-186523.864   150.246     9.84    7.08
-186234.221   152.519     7.85    6.18
-185944.592   154.834     8.00    4.74
-185654.979   156.532     5.86    3.60
-185365.379   157.723     4.11    3.07
-185075.794   158.754     3.56    3.31
-184786.224   159.840     3.75    3.30
-184496.668   160.877     3.58    2.95
-184207.127   161.757     3.04    3.19
-183917.600   163.156     4.83    3.13
-183628.088   164.214     3.65    3.48
-183338.590   165.642     4.94    3.83
-183049.107   167.239     5.52    4.12
-182759.638   168.762     5.26    4.04
-182470.184   169.937     4.06    3.52
-182180.744   171.482     5.34    3.03
-181891.319   172.210     2.52    2.64
-181601.908   172.717     1.75    2.35
-181312.512   173.196     1.66    2.64
-181023.130   174.129     3.22    2.96
-180733.762   175.231     3.81    3.16
-180444.409   176.474     4.30    3.71
-180155.071   177.761     4.45    4.13
-179865.747   179.239     5.11    3.71
-179576.437   180.474     4.27    3.15
-179287.142   181.481     3.48    2.87
-178997.861   181.717     0.82    2.72
-178708.595   182.293     1.99    2.35
-178419.343   182.364     0.24    2.35
-178130.106   182.757     1.36    1.88
-177840.883   183.182     1.47    2.02
-177551.675   183.605     1.46    2.16
-177262.481   184.381     2.68    2.64
-176973.301   183.849    -1.84    8.09
-176684.136   184.590     2.56    9.06
-176394.986   182.805    -6.17   14.23
-176105.849   180.511    -7.94   17.72
-175816.727   176.330   -14.46   21.33
-175527.620   171.519   -16.64   23.86
-175238.527   167.319   -14.53   24.19
-174949.448   163.879   -11.90   23.72
-174660.384   160.790   -10.69   21.98
-174371.334   158.055    -9.46   20.89
-174082.299   156.879    -4.07   18.79
-173793.278   155.776    -3.82   17.21
-173504.272   154.444    -4.61   13.80
-173215.279   152.673    -6.13    9.33
-172926.302   152.084    -2.04    8.85
-172637.338   150.319    -6.11    7.45
-172348.389   149.805    -1.78    7.25
-172059.455   148.330    -5.11    6.47
-171770.535   146.534    -6.22    5.89
-171481.629   145.131    -4.86    5.80
-171192.737   143.704    -4.94    5.09
-170903.860   142.643    -3.67    5.12
-170614.998   141.027    -5.60    4.39
-170326.149   140.658    -1.28    4.06
-170037.315   140.185    -1.64    3.34
-169748.496   140.026    -0.55    2.76
-169459.690   140.071     0.16    2.49
-169170.900   140.242     0.59    2.60
-168882.123   140.364     0.42    2.93
-168593.361   140.042    -1.11    2.91
-168304.613   139.936    -0.37    2.72
-168015.880   139.482    -1.57    2.79
-167727.160   138.057    -4.94    4.05
-167438.456   136.254    -6.25    4.72
-167149.765   134.750    -5.21    5.25
-166861.089   133.220    -5.30    5.17
-166572.427   131.919    -4.51    5.19
-166283.780   130.799    -3.88    4.68
-165995.147   130.141    -2.28    4.02
-165706.528   130.713     1.98    4.13
-165417.924   131.713     3.47    4.37
-165129.333   132.704     3.44    4.59
-164840.758   133.041     1.17    4.75
-164552.196   133.178     0.47    4.66
-164263.649   133.181     0.01    4.57
-163975.116   132.698    -1.67    4.16
-163686.597   132.653    -0.16    3.59
-163398.093   132.393    -0.90    2.88
-163109.603   133.072     2.35    3.06
-162821.127   134.563     5.17    3.37
-162532.666   135.936     4.76    3.81
-162244.219   137.350     4.90    3.97
-161955.786   139.519     7.52    4.88
-161667.367   141.572     7.12    5.33
-161378.963   143.746     7.54    4.91
-161090.573   145.429     5.84    4.44
-160802.198   147.042     5.59    4.01
-160513.836   147.739     2.42    3.57
-160225.489   147.704    -0.12    3.48
-159937.156   147.143    -1.94    3.58
-159648.838   146.310    -2.89    3.81
-159360.533   145.243    -3.70    3.99
-159072.243   144.232    -3.51    3.83
-158783.967   143.042    -4.13    3.74
-158495.706   142.572    -1.63    4.62
-158207.458   141.812    -2.64    5.04
-157919.225   141.452    -1.25    5.10
-157631.006   141.444    -0.03    4.67
-157342.802   141.808     1.26    4.50
-157054.612   141.908     0.35    3.70
-156766.435   142.027     0.41    2.99
-156478.274   142.254     0.79    2.81
-156190.126   142.750     1.72    2.37
-155901.993   142.261    -1.70    3.14
-155613.873   141.593    -2.32    4.10
-155325.768   140.526    -3.71    4.65
-155037.678   139.834    -2.40    5.54
-154749.601   138.907    -3.22    6.31
-154461.539   137.739    -4.06    7.49
-154173.491   137.427    -1.08    8.34
-153885.457   135.399    -7.04    9.45
-153597.437   132.832    -8.91    9.98
-153309.432   129.967    -9.95   10.51
-153021.441   126.981   -10.37   10.34
-152733.464   122.761   -14.66    8.60
-152445.501   119.242   -12.22    6.26
-152157.552   117.375    -6.49    5.47
-151869.618   115.055    -8.06    4.48
-151581.697   113.223    -6.36    3.72
-151293.791   111.547    -5.82    4.06
-151005.899   109.802    -6.06    4.38
-150718.022   107.668    -7.41    4.94
-150430.158   105.496    -7.54    4.94
-150142.309   103.647    -6.42    4.80
-149854.473   101.540    -7.32    4.12
-149566.652    99.750    -6.22    3.12
-149278.845    98.590    -4.03    2.57
-148991.053    97.452    -3.96    2.20
-148703.274    96.952    -1.74    2.00
-148415.510    96.384    -1.97    1.97
-148127.760    96.155    -0.80    1.95
-147840.023    96.084    -0.25    1.83
-147552.302    95.827    -0.89    1.53
-147264.594    96.160     1.16    1.66
-146976.900    96.728     1.97    1.83
-146689.221    97.746     3.54    2.70
-146401.555    99.437     5.88    3.58
-146113.904   100.933     5.20    4.07
-145826.267   102.996     7.17    4.55
-145538.644   105.199     7.66    4.50
-145251.035   107.158     6.81    4.30
-144963.440   108.717     5.42    3.71
-144675.860   109.820     3.84    3.09
-144388.293   110.295     1.65    2.77
-144100.741   110.606     1.08    2.58
-143813.203   110.717     0.39    2.34
-143525.679   110.434    -0.98    2.49
-143238.169   109.540    -3.11    3.15
-142950.673   108.482    -3.68    3.41
-142663.191   107.246    -4.30    3.16
-142375.723   106.996    -0.87    2.89
-142088.270   106.827    -0.59    2.81
-141800.830   107.187     1.25    2.97
-141513.405   107.933     2.59    3.39
-141225.993   108.814     3.07    3.45
-140938.596   110.011     4.16    2.83
-140651.213   110.996     3.43    2.16
-140363.844   111.467     1.64    2.33
-140076.489   111.922     1.58    2.05
-139789.148   111.923     0.00    2.58
-139501.821   112.077     0.54    2.44
-139214.508   112.459     1.33    2.74
-138927.210   113.437     3.41    3.04
-138639.925   114.040     2.10    2.93
-138352.655   114.893     2.97    2.56
-138065.398   115.713     2.85    2.48
-137778.156   116.895     4.12    2.65
-137490.927   118.076     4.11    2.57
-137203.713   119.330     4.37    3.22
-136916.512   120.496     4.06    3.63
-136629.326   121.677     4.11    3.59
-136342.154   122.808     3.94    3.46
-136054.996   124.131     4.61    3.09
-135767.852   125.071     3.28    2.66
-135480.721   125.679     2.12    2.30
-135193.605   126.072     1.37    1.86
-134906.503   125.658    -1.44    2.24
-134619.415   125.129    -1.84    2.93
-134332.341   123.938    -4.15    3.67
-134045.281   122.950    -3.44    4.06
-133758.235   122.057    -3.11    4.51
-133471.203   121.396    -2.30    4.34
-133184.186   120.451    -3.29    4.14
-132897.182   119.936    -1.80    4.29
-132610.192   120.496     1.95    4.83
-132321.728   120.548     0.18    5.41
-132031.703   121.596     3.61    6.20
-131741.691   122.633     3.57    7.28
-131451.694   123.735     3.80    7.33
-131161.711   123.814     0.27    8.49
-130871.743   122.489    -4.57    9.11
-130581.789   121.131    -4.68    9.53
-130291.849   119.330    -6.21   10.84
-130001.923   118.396    -3.22   11.56
-129712.012   118.208    -0.65   12.59
-129422.115   119.381     4.04   14.47
-129132.233   120.527     3.95   16.53
-128842.365   122.442     6.61   18.27
-128552.511   124.369     6.65   18.30
-128262.671   123.605    -2.64   18.72
-127972.846   122.133    -5.08   18.78
-127683.035   118.436   -12.76   19.07
-127393.239   114.434   -13.81   19.71
-127103.457   107.875   -22.64   17.98
-126813.689   102.073   -20.02   14.65
-126523.935    98.187   -13.41   11.40
-126234.196    95.576    -9.01    9.35
-125944.471    92.951    -9.06    8.45
-125654.760    91.572    -4.76    8.71
-125365.063    90.171    -4.84    8.61
-125075.381    88.405    -6.10    7.99
-124785.713    86.765    -5.66    7.33
-124496.060    85.290    -5.09    6.08
-124206.420    84.706    -2.02    5.22
-123916.795    83.474    -4.26    4.55
-123627.185    82.769    -2.43    4.51
-123337.588    81.933    -2.89    4.35
-123048.006    82.390     1.58    8.22
-122758.438    82.581     0.66   11.91
-122468.884    81.692    -3.07   12.33
-122179.345    80.605    -3.75   13.10
-121889.819    78.653    -6.74   12.88
-121600.308    75.527   -10.80    7.24
-121310.812    73.044    -8.58    6.46
-121021.329    70.663    -8.23    5.52
-120731.861    68.375    -7.90    5.02
-120442.407    65.996    -8.22    4.83
-120152.967    63.880    -7.31    4.08
-119863.542    61.862    -6.97    3.73
-119574.131    60.202    -5.74    3.61
-119284.734    58.710    -5.15    3.61
-118995.351    57.145    -5.41    3.61
-118705.982    55.678    -5.07    3.37
-118416.628    53.967    -5.91    3.14
-118127.288    52.625    -4.64    3.03
-117837.962    51.772    -2.95    3.27
-117548.650    50.952    -2.84    4.38
-117259.353    50.060    -3.08    4.73
-116970.070    48.713    -4.66    5.04
-116680.801    47.223    -5.15    5.33
-116391.546    46.099    -3.89    5.49
-116102.305    45.396    -2.43    5.70
-115813.079    44.555    -2.91    5.20
-115523.866    43.474    -3.74    3.23
-115234.668    43.077    -1.37    2.75
-114945.484    43.041    -0.12    2.94
-114656.315    43.250     0.72    2.86
-114367.159    43.511     0.90    2.80
-114078.018    43.710     0.69    2.77
-113788.891    43.982     0.94    2.82
-113499.778    44.907     3.20    3.33
-113210.679    45.270     1.26    3.46
-112921.594    45.608     1.17    4.04
-112632.524    45.723     0.40    3.66
-112343.468    45.808     0.29    3.72
-112054.425    45.925     0.40    3.29
-111765.397    45.879    -0.16    2.80
-111476.384    45.907     0.10    2.50
-111187.384    45.464    -1.53    2.07
-110898.398    45.563     0.34    2.22
-110609.427    45.295    -0.93    2.37
-110320.470    45.143    -0.52    2.54
-110031.527    44.553    -2.04    2.26
-109742.598    43.849    -2.44    2.62
-109453.683    43.420    -1.48    2.78
-109164.782    42.787    -2.19    2.73
-108875.896    42.160    -2.17    2.88
-108587.024    41.799    -1.25    3.07
-108298.165    40.908    -3.09    3.25
-108009.321    40.325    -2.02    3.21
-107720.491    40.011    -1.09    3.23
-107431.675    40.163     0.53    3.56
-107142.873    40.109    -0.19    3.41
-106854.086    40.423     1.09    3.55
-106565.312    40.693     0.94    3.86
-106276.553    41.173     1.66    4.47
-105987.807    41.625     1.57    6.13
-105699.076    41.599    -0.09    6.04
-105410.359    42.920     4.58    7.31
-105121.656    43.754     2.89    7.01
-104832.967    44.923     4.05    6.93
-104544.292    46.212     4.47    6.11
-104255.631    46.849     2.21    5.98
-103966.984    47.185     1.16    5.98
-103678.352    47.257     0.25    5.99
-103389.733    46.937    -1.11    6.23
-103101.129    46.726    -0.73    5.70
-102812.538    46.452    -0.95    5.84
-102523.962    46.550     0.34    5.50
-102235.400    47.040     1.70    5.50
-101946.852    47.173     0.46    5.22
-101658.317    47.272     0.34    5.33
-101369.797    47.787     1.79    5.90
-101081.291    47.790     0.01    5.87
-100792.799    47.217    -1.99    5.88
-100504.322    46.735    -1.67    4.97
-100215.858    46.437    -1.03    4.83
 -99927.408    46.084    -1.22    4.55
 -99638.972    45.996    -0.31    5.12
 -99350.550    46.587     2.05    5.70
 -99062.143    46.980     1.36    6.05
 -98773.749    46.982     0.00    6.97
 -98485.369    47.042     0.21    6.97
 -98197.004    46.131    -3.16    7.04
 -97908.652    44.966    -4.04    6.75
 -97620.315    44.202    -2.65    6.96
 -97331.991    43.310    -3.10    6.54
 -97043.682    43.481     0.59    7.00
 -96755.386    43.173    -1.07    7.76
 -96467.105    44.365     4.14    7.57
 -96178.837    43.907    -1.59    7.75
 -95890.584    43.519    -1.35    7.30
 -95602.344    43.614     0.33    7.10
 -95314.119    43.205    -1.42    6.34
 -95025.908    43.550     1.20    6.29
 -94737.710    42.683    -3.01    6.99
 -94449.527    43.762     3.74    7.14
 -94161.357    44.390     2.18    7.62
 -93873.202    44.892     1.74    8.10
 -93585.060    43.746    -3.98    8.23
 -93296.933    43.295    -1.57    7.70
 -93008.819    42.596    -2.42    7.67
 -92720.720    40.890    -5.92    7.80
 -92432.634    39.606    -4.46    7.58
 -92144.563    37.951    -5.74    7.40
 -91856.505    36.148    -6.26    6.13
 -91568.461    35.880    -0.93    6.59
 -91280.432    35.864    -0.06    6.47
 -90992.416    34.735    -3.92    5.86
 -90704.414    34.011    -2.51    5.91
 -90416.426    33.399    -2.12    5.95
 -90128.453    32.799    -2.08    5.96
 -89840.493    32.295    -1.75    5.88
 -89552.547    31.290    -3.49    5.10
 -89264.615    30.452    -2.91    4.55
 -88976.697    29.489    -3.35    4.32
 -88688.792    28.678    -2.82    4.41
 -88400.902    27.520    -4.02    3.56
 -88113.026    26.187    -4.63    3.83
 -87825.164    25.011    -4.09    3.98
 -87537.315    23.820    -4.14    4.00
 -87249.481    22.820    -3.47    3.79
 -86961.660    21.739    -3.76    3.82
 -86673.854    21.057    -2.37    4.03
 -86386.061    20.904    -0.53    4.31
 -86098.282    20.802    -0.35    4.72
 -85810.517    20.399    -1.40    4.84
 -85522.766    20.141    -0.90    5.16
 -85235.029    19.952    -0.66    5.28
 -84947.306    19.643    -1.07    5.59
 -84659.597    18.458    -4.12    5.62
 -84371.902    17.633    -2.87    5.95
 -84084.220    16.420    -4.21    5.51
 -83796.553    16.160    -0.90    5.43
 -83508.899    16.099    -0.21    6.22
 -83221.259    15.951    -0.52    6.49
 -82933.633    16.084     0.46    6.57
 -82646.021    16.381     1.03    6.66
 -82358.423    16.875     1.72    6.41
 -82070.839    16.612    -0.92    6.66
 -81783.269    16.269    -1.19    5.90
 -81495.712    16.320     0.18    5.67
 -81208.169    16.375     0.19    5.50
 -80920.641    17.444     3.72    5.74
 -80633.126    18.723     4.45    6.35
 -80345.625    20.572     6.43    6.34
 -80058.138    20.496    -0.26    6.49
 -79770.664    20.905     1.42    5.79
 -79483.205    21.678     2.69    6.08
 -79195.759    22.581     3.14    5.94
 -78908.327    23.148     1.97    5.62
 -78620.910    23.148     0.00    6.79
 -78333.505    23.178     0.11    6.97
 -78046.115    22.557    -2.16    7.30
 -77758.739    21.784    -2.69    7.65
 -77471.376    19.713    -7.21    7.38
 -77184.028    19.027    -2.39    7.56
 -76896.693    17.673    -4.71    6.01
 -76609.372    16.814    -2.99    6.03
 -76322.064    15.919    -3.12    5.98
 -76034.771    15.511    -1.42    6.97
 -75747.491    16.550     3.62    7.43
 -75460.226    16.540    -0.03    8.47
 -75172.974    16.280    -0.91    8.49
 -74885.735    16.467     0.65    8.13
 -74598.511    15.922    -1.90    7.90
 -74311.301    15.739    -0.64    7.14
 -74024.104    15.612    -0.44    6.74
 -73736.921    15.412    -0.70    6.22
 -73449.752    14.459    -3.32    5.37
 -73162.596    13.790    -2.33    4.74
 -72875.455    14.864     3.74    5.42
 -72588.327    14.937     0.25    5.28
 -72301.213    15.423     1.69    5.20
 -72014.113    16.059     2.22    5.05
 -71727.026    17.057     3.48    4.93
 -71439.954    17.058     0.00    4.98
 -71152.895    17.996     3.27    5.31
 -70865.850    18.805     2.82    5.96
 -70578.818    19.354     1.91    6.34
 -70291.797    20.345     3.45    6.90
 -70001.782    21.658     4.53    7.08
 -69711.781    21.723     0.23    6.69
 -69421.793    21.735     0.04    6.96
 -69131.820    21.717    -0.06    6.64
 -68841.861    22.025     1.06    6.64
 -68551.916    22.489     1.60    6.50
 -68261.986    22.193    -1.02    7.78
 -67972.069    23.425     4.25    9.84
 -67682.166    26.405    10.28   13.95
 -67392.278    28.796     8.25   15.91
 -67102.403    33.474    16.14   18.19
 -66812.543    38.110    16.00   20.52
 -66522.697    42.349    14.62   19.89
 -66232.864    46.116    13.00   20.77
 -65943.046    48.335     7.66   19.40
 -65653.242    48.981     2.23   19.35
 -65363.452    50.769     6.17   18.40
 -65073.676    52.070     4.49   18.47
 -64783.914    50.696    -4.74   18.79
 -64494.166    47.805    -9.98   19.78
 -64204.432    44.905   -10.01   21.83
 -63914.712    41.141   -12.99   23.44
 -63625.007    34.349   -23.45   24.88
 -63335.315    27.860   -22.40   23.88
 -63045.637    20.879   -24.10   21.46
 -62755.974    16.160   -16.29   19.50
 -62466.324    10.399   -19.89   16.02
 -62176.688     7.027   -11.64   13.06
 -61887.067     3.367   -12.64    6.63
 -61597.459     2.384    -3.39    4.18
 -61307.866     1.832    -1.91    3.50
 -61018.286     2.099     0.92    4.08
 -60728.721     2.414     1.09    4.54
 -60439.170     3.056     2.22    4.99
 -60149.632     3.258     0.70    5.20
 -59860.109     3.043    -0.74    4.38
 -59570.599     2.693    -1.21    4.34
 -59281.104     3.339     2.23    5.30
 -58991.622     3.717     1.30    5.35
 -58702.155     3.742     0.09    5.47
 -58412.702     3.937     0.67    5.20
 -58123.262     4.258     1.11    5.57
 -57833.837     3.965    -1.01    5.48
 -57544.425     3.452    -1.77    4.83
 -57255.028     3.131    -1.11    4.99
 -56965.644     2.793    -1.17    4.70
 -56676.275     2.414    -1.31    4.05
 -56386.919     2.160    -0.88    3.36
 -56097.578     2.027    -0.46    3.28
 -55808.250     2.365     1.17    3.78
 -55518.937     1.728    -2.20    3.62
 -55229.637     1.384    -1.19    3.61
 -54940.351     1.143    -0.83    3.65
 -54651.080     0.534    -2.11    2.74
 -54361.822     0.459    -0.26    2.37
 -54072.578     0.123    -1.16    1.92
 -53783.348     0.335     0.73    2.09
 -53494.132     0.325    -0.03    1.95
 -53204.930     0.414     0.31    1.92
 -52915.742     0.452     0.13    1.77
 -52626.568     0.489     0.13    1.73
 -52337.408     0.893     1.40    2.18
 -52048.262     0.787    -0.37    1.79
 -51759.130     1.071     0.98    2.25
 -51470.011     1.072     0.00    2.32
 -51180.907     1.099     0.09    2.31
 -50891.816     1.482     1.32    2.84
 -50602.740     1.436    -0.16    2.46
 -50313.677     1.728     1.01    2.98
 -50024.629     1.313    -1.43    2.47
 -49735.594     1.369     0.20    2.65
 -49446.573     1.084    -0.99    2.22
 -49157.566     1.011    -0.25    2.12
 -48868.573     1.070     0.20    2.30
 -48579.594     1.384     1.09    2.42
 -48290.628     1.354    -0.10    2.12
 -48001.677     1.367     0.04    2.31
 -47712.739     1.608     0.83    2.31
 -47423.816     1.623     0.05    2.32
 -47134.906     1.526    -0.34    2.05
 -46846.010     1.474    -0.18    2.00
 -46557.128     1.542     0.23    2.10
 -46268.260     1.920     1.31    2.16
 -45979.406     2.060     0.48    2.07
 -45690.566     1.892    -0.58    1.92
 -45401.739     2.071     0.62    1.94
 -45112.927     2.202     0.45    2.04
 -44824.128     2.250     0.17    2.13
 -44535.343     2.325     0.26    2.18
 -44246.572     2.381     0.19    2.13
 -43957.815     3.089     2.45    2.45
 -43669.072     3.330     0.83    2.51
 -43380.343     3.608     0.96    2.36
 -43091.627     3.790     0.63    2.20
 -42802.925     3.757    -0.11    2.28
 -42514.238     3.217    -1.87    2.36
 -42225.564     2.750    -1.62    2.32
 -41936.903     2.678    -0.25    2.25
 -41648.257     2.193    -1.68    2.08
 -41359.625     1.787    -1.41    1.74
 -41071.006     1.658    -0.45    1.52
 -40782.401     1.608    -0.17    1.57
 -40493.810     1.482    -0.44    1.60
 -40205.233     1.234    -0.86    1.40
 -39916.670     1.254     0.07    1.38
 -39628.120     1.284     0.11    1.32
 -39339.584     1.334     0.17    1.32
 -39051.062     1.364     0.10    1.36
 -38762.554     1.504     0.48    1.46
 -38474.060     1.663     0.55    1.50
 -38185.580     1.738     0.26    1.50
 -37897.113     1.693    -0.16    1.51
 -37608.660     1.784     0.32    1.49
 -37320.221     1.687    -0.34    1.54
 -37031.796     1.851     0.57    1.66
 -36743.384     1.908     0.20    1.71
 -36454.987     1.879    -0.10    1.63
 -36166.603     1.856    -0.08    1.82
 -35878.233     1.877     0.07    1.99
 -35589.876     2.012     0.47    1.99
 -35301.534     2.145     0.46    1.94
 -35013.205     2.246     0.35    1.88
 -34724.890     2.190    -0.19    1.76
 -34436.589     2.555     1.27    1.96
 -34148.301     2.561     0.02    1.92
 -33860.027     2.849     1.00    1.86
 -33571.767     3.027     0.62    1.94
 -33283.521     3.160     0.46    1.97
 -32995.289     3.369     0.72    1.98
 -32707.070     3.668     1.04    2.00
 -32418.865     3.847     0.62    1.81
 -32130.674     4.012     0.57    1.82
 -31842.497     4.145     0.46    1.83
 -31554.333     4.090    -0.19    1.86
 -31266.183     4.102     0.04    1.80
 -30978.047     3.996    -0.37    1.88
 -30689.924     4.026     0.10    1.74
 -30401.816     3.922    -0.36    1.83
 -30113.721     3.919    -0.01    1.68
 -29825.639     3.920     0.00    1.66
 -29537.572     3.901    -0.07    1.65
 -29249.518     4.042     0.49    1.73
 -28961.478     4.178     0.47    1.71
 -28673.452     4.417     0.83    1.62
 -28385.439     4.489     0.25    1.51
 -28097.440     4.489    -0.00    1.66
 -27809.455     4.496     0.03    1.60
 -27521.483     4.590     0.33    1.68
 -27233.525     4.757     0.58    1.71
 -26945.581     5.072     1.09    1.64
 -26657.651     5.070    -0.01    1.63
 -26369.734     5.295     0.78    1.69
 -26081.831     5.719     1.47    1.86
 -25793.942     5.860     0.49    1.86
 -25506.066     5.781    -0.27    2.03
 -25218.204     5.519    -0.91    2.05
 -24930.356     5.405    -0.39    1.96
 -24642.521     5.320    -0.30    1.89
 -24354.700     5.280    -0.14    1.94
 -24066.893     5.310     0.10    2.07
 -23779.099     5.234    -0.26    2.08
 -23491.319     3.830    -4.88    3.83
 -23203.553     2.026    -6.27    5.06
 -22915.801     0.922    -3.84    5.11
 -22628.062     0.717    -0.71    5.12
 -22340.336     0.220    -1.73    5.68
 -22052.625     1.966     6.07   12.42
 -21764.927     4.078     7.34   17.48
 -21477.243    11.920    27.26   32.55
 -21189.572    15.135    11.17   33.85
 -20901.915    20.414    18.35   36.48
 -20614.272    23.225     9.77   35.37
 -20326.642    28.982    20.01   37.20
 -20039.026    33.849    16.92   40.77
 -19751.423    40.203    22.09   44.03
 -19463.834    46.143    20.66   46.40
 -19176.259    43.827    -8.05   43.49
 -18888.698    44.011     0.64   42.56
 -18601.150    44.041     0.10   42.39
 -18313.615    46.864     9.82   43.76
 -18026.095    46.310    -1.93   44.67
 -17738.588    46.996     2.39   46.24
 -17451.094    51.114    14.32   50.41
 -17163.614    53.387     7.91   51.96
 -16876.148    52.133    -4.36   53.17
 -16588.696    53.314     4.11   54.07
 -16301.256    56.334    10.51   54.31
 -16013.831    57.160     2.87   54.34
 -15726.419    57.673     1.78   53.23
 -15439.021    64.087    22.32   52.35
 -15151.636    71.190    24.72   52.11
 -14864.265    82.481    39.29   51.95
 -14576.908    91.563    31.61   48.41
 -14289.564   103.570    41.78   44.69
 -14002.234   112.864    32.35   38.06
 -13714.917   124.612    40.89   28.98
 -13427.614   133.239    30.03   17.21
 -13140.324   136.746    12.21   10.53
 -12853.048   139.923    11.06    7.45
 -12565.786   142.787     9.97    5.88
 -12278.537   144.879     7.28    4.90
 -11991.302   146.011     3.94    3.62
 -11704.080   145.643    -1.28    4.19
 -11416.872   144.981    -2.31    4.87
 -11129.677   143.542    -5.01    6.17
 -10842.496   141.936    -5.59    6.88
 -10555.329   138.071   -13.46   10.74
 -10268.175   133.923   -14.45   12.84
  -9981.034   131.399    -8.79   13.42
  -9693.907   129.572    -6.36   14.84
  -9406.794   125.706   -13.47   16.77
  -9119.694   121.542   -14.50   19.10
  -8832.608   118.196   -11.65   19.31
  -8545.535   119.086     3.10   18.66
  -8258.476   121.923     9.88   17.17
  -7969.885   124.966    10.55   15.51
  -7679.888   127.739     9.56   14.80
  -7389.904   130.887    10.86   15.29
  -7099.935   137.693    23.47   12.00
  -6809.979   141.303    12.45    9.92
  -6520.037   145.581    14.76    9.05
  -6230.109   147.011     4.93    8.12
  -5940.195   147.325     1.08    7.32
  -5650.295   146.584    -2.55    7.03
  -5360.408   144.238    -8.09    7.31
  -5070.535   141.599    -9.10    7.82
  -4780.676   139.135    -8.50    7.44
  -4490.831   137.728    -4.85    7.82
  -4201.000   136.101    -5.61    8.32
  -3911.183   134.860    -4.28    8.19
  -3621.379   128.842   -20.76   25.40
  -3331.589   121.615   -24.94   38.48
  -3041.813   110.548   -38.19   48.63
  -2752.051    94.133   -56.65   56.64
  -2462.303    79.129   -51.78   60.49
  -2172.568    65.769   -46.11   59.37
  -1882.847    52.534   -45.68   57.52
  -1593.140    41.165   -39.24   53.06
  -1303.447    29.769   -39.34   45.95
  -1013.768    22.796   -24.07   40.32
   -724.102    15.056   -26.72   33.43
   -434.450     8.099   -24.02   23.67
   -144.812     5.534    -8.86   19.84
    144.812     1.133   -15.20    4.38
    434.423     1.577     1.53    3.72
    724.019     2.163     2.02    3.83
   1013.602     3.165     3.46    3.58
   1303.171     3.905     2.56    2.97
   1592.727     4.776     3.01    1.51
   1882.268     5.086     1.07    1.68
   2171.796     5.587     1.73    1.93
   2461.310     5.803     0.74    2.07
   2750.811     5.623    -0.62    1.91
   3040.297     5.135    -1.69    2.95
   3329.770     4.408    -2.51    3.75
   3619.229     3.459    -3.28    4.12
   3908.675     2.663    -2.75    4.18
   4198.106     2.104    -1.93    4.45
   4487.524     1.738    -1.26    4.68
   4776.928     1.802     0.22    4.54
   5066.319     2.101     1.03    4.56
   5355.696     1.967    -0.46    4.37
   5645.059     2.148     0.63    4.13
   5934.408     2.728     2.00    4.25
   6223.743     3.842     3.85    3.76
   6513.065     5.011     4.04    3.08
   6802.373     6.227     4.20    2.26
   7091.667     7.101     3.02    2.70
   7380.948     7.864     2.64    2.79
   7670.215     8.668     2.78    3.06
   7959.468     9.173     1.75    3.09
   8248.708     9.536     1.26    3.08
   8537.933     9.405    -0.45    3.23
   8827.146     9.284    -0.42    3.16
   9116.344     8.673    -2.11    3.05
   9405.529     8.202    -1.63    2.84
   9694.700     7.862    -1.18    2.32
   9983.857     7.339    -1.81    1.81
  10273.001     7.324    -0.05    1.71
  10562.131     7.390     0.23    1.61
  10851.247     7.458     0.23    1.64
  11140.350     7.295    -0.56    1.47
  11429.438     7.196    -0.34    1.40
  11718.514     7.114    -0.28    1.37
  12007.575     6.936    -0.62    1.21
  12296.623     6.963     0.10    1.18
  12585.657     6.982     0.06    1.22
  12874.678     6.765    -0.75    1.21
  13163.685     6.757    -0.03    1.21
  13452.678     6.907     0.52    1.23
  13741.658     6.653    -0.88    1.23
  14030.624     6.642    -0.04    1.28
  14319.576     6.726     0.29    1.35
  14608.515     6.937     0.73    1.42
  14897.440     7.056     0.41    1.30
  15186.351     7.173     0.40    1.20
  15475.249     7.239     0.23    1.34
  15764.133     7.354     0.40    1.52
  16053.003     7.402     0.17    1.55
  16341.860     7.163    -0.83    1.56
  16630.704     7.181     0.06    1.67
  16919.533     7.295     0.39    1.66
  17208.349     7.526     0.80    1.66
  17497.151     7.548     0.08    1.63
  17785.940     7.542    -0.02    1.43
  18074.715     7.770     0.79    1.30
  18363.477     7.905     0.47    1.27
  18652.225     8.152     0.86    1.30
  18940.959     7.996    -0.54    1.44
  19229.680     8.141     0.50    1.47
  19518.387     8.527     1.33    1.82
  19807.080     9.217     2.39    2.51
  20095.760    10.044     2.86    3.11
  20384.426    11.143     3.81    4.35
  20673.079    12.965     6.31    5.67
  20961.718    14.563     5.54    6.37
  21250.344    16.593     7.03    6.90
  21538.956    18.593     6.93    6.95
  21827.554    20.534     6.72    6.90
  22116.139    22.187     5.73    5.89
  22404.710    23.190     3.48    5.72
  22693.268    24.735     5.35    5.89
  22981.812    25.617     3.06    6.42
  23270.342    26.842     4.25    6.93
  23558.859    27.250     1.41    7.02
  23847.362    27.887     2.21    7.16
  24135.852    28.935     3.63    6.84
  24424.328    29.269     1.16    6.14
  24712.791    29.793     1.82    5.52
  25001.240    30.920     3.91    5.59
  25289.676    33.119     7.62    6.62
  25578.098    36.875    13.02    7.91
  25866.506    41.289    15.30   10.68
  26154.901    47.511    21.58   12.88
  26443.283    53.581    21.05   14.51
  26731.651    60.678    24.61   16.48
  27020.005    73.996    46.19   24.41
  27308.346    92.135    62.90   37.27
  27596.673   111.511    67.20   44.04
  27884.987   127.150    54.24   44.15
  28173.287   146.683    67.75   40.03
  28461.574   160.980    49.59   32.17
  28749.847   173.713    44.17   24.56
  29038.107   178.310    15.95   20.77
  29326.353   181.570    11.31   18.24
  29614.586   181.638     0.24   16.93
  29902.805   183.074     4.98   14.59
  30191.011   184.284     4.20   12.87
  30479.203   182.770    -5.25   11.85
  30767.381   181.481    -4.47   10.82
  31055.546   178.578   -10.07   11.05
  31343.698   175.761    -9.78   10.07
  31631.836   173.114    -9.19    9.89
  31919.961   169.981   -10.87    9.19
  32208.072   168.102    -6.52    8.30
  32496.170   166.710    -4.83    7.42
  32784.254   167.114     1.40    8.04
  33072.325   168.981     6.48    8.21
  33360.382   172.143    10.98    8.49
  33648.426   174.772     9.13    9.29
  33936.456   177.678    10.09    9.10
  34224.473   178.765     3.78    8.32
  34512.477   179.242     1.66    7.53
  34800.467   179.057    -0.64    7.35
  35088.443   177.578    -5.13    8.21
  35376.406   175.143    -8.46    7.81
  35664.356   172.578    -8.91    7.45
  35952.292   171.325    -4.35    7.24
  36240.215   171.109    -0.75    6.76
  36528.124   171.269     0.56    6.36
  36816.020   172.012     2.58    6.35
  37103.902   173.638     5.65    6.22
  37391.771   174.425     2.73    6.42
  37679.626   176.026     5.56    6.46
  37967.468   177.555     5.31    6.17
  38255.297   178.399     2.93    5.30
  38543.112   179.673     4.42    4.71
  38830.914   181.073     4.87    4.34
  39118.702   181.996     3.21    4.15
  39406.477   182.951     3.32    3.79
  39694.239   183.563     2.13    3.46
  39981.987   184.653     3.79    3.35
  40269.721   185.584     3.23    3.24
  40557.443   186.011     1.49    3.49
  40845.150   186.689     2.35    3.61
  41132.845   187.436     2.60    4.02
  41420.526   188.289     2.96    4.10
  41708.193   189.354     3.71    4.15
  41995.848   190.057     2.44    4.19
  42283.489   191.535     5.14    4.04
  42571.116   192.451     3.18    3.94
  42858.730   193.822     4.77    5.12
  43146.331   195.354     5.33    6.94
  43433.918   196.572     4.23    7.64
  43721.492   198.011     5.00    8.24
  44009.052   200.258     7.81   10.66
  44296.600   202.041     6.20   11.12
  44584.133   202.710     2.33   10.58
  44871.654   203.735     3.56   10.76
  45159.161   204.339     2.10   10.58
  45446.654   204.534     0.67    9.88
  45734.135   205.354     2.86    8.89
  46021.602   205.269    -0.30    7.67
  46309.055   207.474     7.67    8.78
  46596.495   207.746     0.95    8.24
  46883.922   209.429     5.85    9.05
  47171.336   211.254     6.35    8.80
  47458.736   212.952     5.91    8.85
  47746.123   214.399     5.04    8.42
  48033.496   215.072     2.34    7.58
  48320.856   215.350     0.97    6.55
  48608.203   215.238    -0.39    5.44
  48895.537   214.504    -2.56    5.16
  49182.857   214.042    -1.61    4.44
  49470.164   212.787    -4.37    4.25
  49757.457   211.345    -5.02    4.22
  50044.737   210.190    -4.02    3.57
  50332.004   210.012    -0.62    3.44
  50619.258   210.842     2.89    5.12
  50906.498   211.814     3.38    6.85
  51193.725   213.340     5.31    8.17
  51480.938   214.117     2.71    8.13
  51768.138   215.058     3.27    7.64
  52055.325   215.345     1.00    7.34
  52342.499   215.612     0.93    7.43
  52629.659   214.390    -4.25    6.68
  52916.806   213.199    -4.15    6.08
  53203.940   212.042    -4.03    5.34
  53491.061   210.458    -5.52    5.28
  53778.168   208.360    -7.31    5.43
  54065.410   206.847    -5.27    5.15
  54355.397   205.965    -3.04    5.13
  54645.370   204.862    -3.81    5.33
  54935.330   204.061    -2.76    4.65
  55225.276   203.702    -1.24    4.26
  55515.209   203.638    -0.22    4.11
  55805.128   204.202     1.95    4.53
  56095.034   204.405     0.70    4.65
  56384.925   205.647     4.28    5.63
  56674.804   206.996     4.65    7.61
  56964.669   208.383     4.79    8.71
  57254.520   209.860     5.09    9.77
  57544.357   211.117     4.34    9.81
  57834.181   211.608     1.69    9.64
  58123.992   211.814     0.71    9.28
  58413.789   211.565    -0.86    8.56
  58703.572   211.345    -0.76    7.18
  58993.342   211.137    -0.72    6.23
  59283.098   211.101    -0.12    5.79
  59572.841   211.689     2.03    5.63
  59862.570   211.466    -0.77    4.86
  60152.286   211.750     0.98    4.47
  60441.988   212.623     3.01    4.71
  60731.676   213.141     1.79    4.52
  61021.351   214.116     3.36    5.42
  61311.012   215.369     4.33    5.71
  61600.660   216.474     3.81    7.17
  61890.295   216.769     1.02    8.74
  62179.915   216.158    -2.11    9.00
  62469.523   215.193    -3.33    8.96
  62759.117   212.965    -7.69    7.73
  63048.697   211.496    -5.07    5.92
  63338.263   209.875    -5.60    4.98
  63627.817   208.175    -5.87    4.76
  63917.356   207.375    -2.76    4.33
  64206.883   207.442     0.23    3.51
  64496.395   207.845     1.39    3.80
  64785.894   208.679     2.88    3.67
  65075.380   209.845     4.03    3.87
  65364.852   211.119     4.40    4.27
  65654.311   213.269     7.43    5.00
  65943.756   214.889     5.60    6.11
  66233.188   216.663     6.13    6.36
  66522.606   217.837     4.06    5.90
  66812.010   219.250     4.88    5.67
  67101.402   220.223     3.36    5.30
  67390.779   221.563     4.63    5.33
  67680.144   223.638     7.17    6.27
  67969.494   224.867     4.25    6.76
  68258.832   226.354     5.14    6.34
  68548.155   227.809     5.03    5.84
  68837.466   229.345     5.31    5.53
  69126.763   230.587     4.29    5.52
  69416.046   231.982     4.82    5.54
  69705.316   232.827     2.92    5.83
  69994.572   234.827     6.91    6.75
  70283.816   236.784     6.77    7.43
  70573.045   238.964     7.54    7.35
  70862.261   240.890     6.66    6.90
  71151.464   243.350     8.51    6.11
  71440.653   245.072     5.95    5.41
  71729.829   245.981     3.14    4.97
  72018.991   247.072     3.77    4.04
  72308.140   247.853     2.70    3.54
  72597.276   248.057     0.70    3.51
  72886.398   248.683     2.16    3.76
  73175.506   249.325     2.22    3.89
  73464.601   250.708     4.79    4.79
  73753.683   250.889     0.62    5.02
  74042.751   250.540    -1.20    5.54
  74331.806   250.012    -1.83    6.37
  74620.848   249.414    -2.07    6.83
  74909.876   248.345    -3.70    7.65
  75198.891   246.717    -5.63    7.04
  75487.892   245.617    -3.80    6.48
  75776.880   244.496    -3.88    6.15
  76065.854   244.405    -0.31    5.52
  76354.815   245.270     2.99    5.71
  76643.763   246.133     2.98    4.97
  76932.697   245.769    -1.26    4.98
  77221.618   244.408    -4.71    5.38
  77510.525   243.117    -4.47    5.78
  77799.419   241.196    -6.65    6.13
  78088.300   239.324    -6.48    5.48
  78377.167   237.689    -5.66    4.94
  78666.021   236.150    -5.33    4.85
  78954.862   234.527    -5.62    5.08
  79243.689   233.966    -1.94    5.17
  79532.503   233.765    -0.69    5.78
  79821.303   233.708    -0.20    6.05
  80110.090   233.570    -0.48    6.38
  80398.864   234.026     1.58    7.20
  80687.624   235.459     4.96    7.70
  80976.371   236.805     4.66    8.37
  81265.105   239.511     9.37    9.05
  81553.825   242.668    10.93    9.22
  81842.532   244.193     5.28    8.15
  82131.225   244.496     1.05    7.66
  82419.905   244.163    -1.15    7.32
  82708.572   243.862    -1.04    7.27
  82997.226   243.452    -1.42    7.35
  83285.866   243.563     0.39    7.38
  83574.493   242.981    -2.02    6.45
  83863.106   243.319     1.17    6.25
  84151.706   244.858     5.33    5.66
  84440.293   244.757    -0.35    5.48
  84728.867   244.420    -1.17    5.68
  85017.427   245.040     2.15    6.19
  85305.974   246.101     3.67    7.22
  85594.507   248.557     8.51    7.05
  85883.028   249.947     4.82    7.27
  86171.534   252.663     9.41    7.09
  86460.028   254.765     7.29    7.11
  86748.508   258.220    11.97    8.26
  87036.975   260.511     7.94    8.33
  87325.429   263.133     9.09    8.74
  87613.869   265.181     7.10    8.21
  87902.296   265.770     2.04    8.08
  88190.710   266.429     2.28    7.48
  88479.111   268.728     7.97    8.72
  88767.498   270.474     6.05    9.82
  89055.872   272.042     5.44   10.64
  89344.232   275.511    12.03   11.47
  89632.580   278.324     9.75   10.25
  89920.914   279.890     5.43    8.87
  90209.235   280.319     1.49    8.43
  90497.542   280.360     0.14    7.61
  90785.836   281.364     3.48    7.55
  91074.117   282.414     3.64    7.62
  91362.385   283.890     5.12    8.52
  91650.639   287.351    12.01    9.22
  91938.881   291.087    12.96   10.35
  92227.108   294.754    12.72    9.77
  92515.323   298.150    11.78    8.74
  92803.524   301.101    10.24    7.51
  93091.713   303.742     9.17    6.62
  93379.887   305.653     6.63    4.98
  93668.049   307.061     4.89    4.30
  93956.198   308.360     4.51    5.11
  94244.333   309.581     4.24    5.03
  94532.455   309.996     1.44    5.55
  94820.563   310.350     1.23    5.92
  95108.659   310.330    -0.07    5.95
  95396.741   309.812    -1.80    6.23
  95684.810   308.689    -3.90    5.83
  95972.866   307.633    -3.67    5.76
  96260.908   306.599    -3.59    5.72
  96548.938   305.269    -4.62    4.92
  96836.954   304.781    -1.69    4.70
  97124.956   304.936     0.54    4.62
  97412.946   305.612     2.35    5.32
  97700.923   306.981     4.76    5.26
  97988.886   308.234     4.35    5.66
  98276.836   310.723     8.64    5.97
  98564.773   313.208     8.63    5.97
  98852.696   316.444    11.24    6.67
  99140.607   318.966     8.76    7.57
  99428.504   322.824    13.40   10.44
  99716.388   326.057    11.23   11.43
 100004.259   329.242    11.06   11.93
 100292.117   332.658    11.86   11.51
 100579.961   334.966     8.02   10.45
 100867.792   336.864     6.59    8.96
 101155.610   337.860     3.46    8.33
 101443.415   340.071     7.68    6.68
 101731.207   342.427     8.19    5.72
 102018.986   343.488     3.69    5.50
 102306.751   344.572     3.77    4.75
 102594.503   345.056     1.68    3.85
 102882.243   345.070     0.05    3.97
 103169.968   344.757    -1.09    3.97
 103457.681   343.830    -3.22    3.88
 103745.381   343.012    -2.84    3.44
 104033.067   342.254    -2.64    3.14
 104320.741   341.402    -2.96    2.66
 104608.401   340.542    -2.99    3.35
 104896.048   340.011    -1.84    3.80
 105183.682   338.951    -3.69    4.19
 105471.302   337.967    -3.42    4.56
 105758.910   336.641    -4.61    4.75
 106046.504   335.772    -3.02    4.21
 106334.086   335.181    -2.06    4.10
 106621.654   335.375     0.68    4.50
 106909.209   335.663     1.00    4.66
 107196.751   336.175     1.78    4.83
 107484.279   336.396     0.77    4.71
 107771.795   336.073    -1.12    4.53
 108059.298   335.739    -1.16    4.48
 108346.787   335.061    -2.36    4.57
 108634.263   334.572    -1.70    4.40
 108921.727   334.335    -0.83    4.14
 109209.177   334.379     0.15    3.69
 109496.614   334.765     1.35    3.28
 109784.038   335.375     2.12    2.97
 110071.448   335.377     0.01    2.52
 110358.846   335.919     1.89    2.82
 110646.231   336.405     1.69    3.49
 110933.602   337.757     4.70    4.51
 111220.960   338.698     3.27    4.78
 111508.306   339.511     2.83    4.56
 111795.638   339.399    -0.39    4.07
 112082.957   339.780     1.32    3.91
 112370.263   339.269    -1.78    4.58
 112657.556   338.175    -3.81    5.00
 112944.836   337.026    -4.00    5.18
 113232.103   335.587    -5.01    5.89
 113519.357   333.905    -5.85    6.58
 113806.597   332.519    -4.82    6.60
 114093.825   331.949    -1.98    6.74
 114381.039   331.581    -1.28    6.73
 114668.241   332.284     2.45    6.58
 114955.429   332.643     1.25    5.99
 115242.605   334.335     5.89    5.11
 115529.767   335.481     3.99    3.99
 115816.916   335.383    -0.34    3.56
 116104.052   334.678    -2.46    3.57
 116392.847   334.377    -1.04    3.44
 116682.813   334.117    -0.90    3.66
 116972.766   333.860    -0.89    3.69
 117262.705   333.617    -0.84    4.24
 117552.631   333.399    -0.75    4.01
 117842.543   332.641    -2.61    4.42
 118132.443   332.847     0.71    4.84
 118422.329   333.212     1.26    5.21
 118712.201   334.072     2.97    5.47
 119002.060   334.550     1.65    5.57
 119291.906   335.845     4.47    5.06
 119581.739   337.387     5.32    3.80
 119871.558   337.739     1.21    3.07
 120161.364   336.442    -4.47    4.43
 120451.157   333.335   -10.72    7.26
 120740.936   329.360   -13.72    9.49
 121030.702   324.799   -15.74   10.26
 121320.455   320.133   -16.10    9.62
 121610.195   315.758   -15.10    7.74
 121899.921   312.542   -11.10    5.18
 122189.634   310.561    -6.84    3.10
 122479.333   309.796    -2.64    2.41
 122769.019   309.907     0.38    2.48
 123058.692   310.633     2.51    3.09
 123348.352   312.117     5.13    3.65
 123637.998   313.615     5.17    3.99
 123927.632   315.208     5.50    4.13
 124217.251   317.258     7.08    3.97
 124506.858   318.860     5.53    4.29
 124796.451   320.350     5.15    4.64
 125086.031   321.648     4.48    5.04
 125375.598   323.206     5.38    5.93
 125665.152   324.784     5.45    7.21
 125954.692   326.340     5.37    7.94
 126244.219   327.769     4.94    8.33
 126533.732   328.375     2.09    8.28
 126823.233   329.011     2.20    7.40
 127112.720   328.966    -0.16    6.75
 127402.194   328.625    -1.18    5.65
 127691.655   328.339    -0.99    4.99
 127981.102   327.673    -2.30    4.77
 128270.536   327.087    -2.02    4.37
 128559.957   326.719    -1.27    4.01
 128849.365   326.087    -2.18    4.15
 129138.759   324.981    -3.82    4.63
 129428.141   323.996    -3.40    4.90
 129717.509   322.735    -4.36    5.23
 130006.863   321.365    -4.73    5.52
 130296.205   319.375    -6.88    5.92
 130585.533   317.769    -5.55    6.11
 130874.848   315.936    -6.34    6.24
 131164.150   313.561    -8.21    6.44
 131453.439   311.330    -7.71    7.19
 131742.714   310.109    -4.22    8.13
 132031.977   309.350    -2.62    9.41
 132321.226   308.966    -1.33   10.04
 132610.462   308.087    -3.04   10.58
 132899.684   308.668     2.01   11.08
 133188.894   308.319    -1.21   11.35
 133478.090   307.784    -1.85   11.18
 133767.273   307.227    -1.93   10.50
 134056.443   307.269     0.15   10.03
 134345.599   308.289     3.53    8.33
 134634.743   307.496    -2.74    7.20
 134923.873   306.250    -4.31    6.36
 135212.990   306.814     1.95    5.60
 135502.094   307.535     2.49    4.66
 135791.185   308.612     3.72    4.16
 136080.263   308.905     1.02    4.75
 136369.327   308.708    -0.68    4.96
 136658.378   308.375    -1.15    5.38
 136947.416   309.044     2.31    6.09
 137236.441   308.952    -0.32    7.52
 137525.453   310.287     4.62    6.61
 137814.451   309.723    -1.95    7.15
 138103.437   308.981    -2.57    7.20
 138392.409   308.504    -1.65    8.04
 138681.368   307.289    -4.20    8.63
 138970.314   304.840    -8.47    9.62
 139259.247   301.572   -11.31   11.67
 139548.167   298.726    -9.85   11.96
 139837.073   295.269   -11.97   12.29
 140125.967   293.535    -6.00   11.40
 140414.847   290.648    -9.99   10.48
 140703.714   287.965    -9.28   10.46
 140992.568   284.269   -12.80   11.50
 141281.409   282.303    -6.81   11.46
 141570.237   279.339   -10.26   11.26
 141859.051   276.830    -8.69   10.35
 142147.853   274.369    -8.52    9.42
 142436.641   273.935    -1.50    8.43
 142725.416   273.432    -1.74    8.00
 143014.179   274.466     3.58    8.32
 143302.928   274.625     0.55    8.25
 143591.664   272.527    -7.27    9.25
 143880.386   271.390    -3.94    9.45
 144169.096   270.295    -3.79    9.98
 144457.793   269.405    -3.08    9.99
 144746.476   267.396    -6.96    9.37
 145035.147   266.473    -3.20    9.23
 145323.804   265.856    -2.14    8.92
 145612.448   265.135    -2.50    8.42
 145901.079   263.678    -5.05    7.60
 146189.697   262.330    -4.67    6.27
 146478.302   261.842    -1.69    5.53
 146766.894   261.405    -1.51    4.91
 147055.473   261.413     0.03    5.25
 147344.039   261.704     1.01    6.03
 147632.592   262.489     2.72    6.55
 147921.131   262.746     0.89    6.48
 148209.658   262.739    -0.03    6.14
 148498.171   262.996     0.89    5.82
 148786.672   263.451     1.58    5.41
 149075.159   264.012     1.95    5.37
 149363.633   265.235     4.24    6.79
 149652.095   266.802     5.43    7.72
 149940.543   268.101     4.50    8.16
 150228.978   268.653     1.91    8.01
 150517.400   268.981     1.14    8.40
 150805.809   268.931    -0.17    7.96
 151094.205   267.814    -3.87    7.09
 151382.588   266.606    -4.19    5.65
 151670.958   264.436    -7.52    5.55
 151959.315   262.723    -5.94    4.86
 152247.659   260.765    -6.79    3.92
 152535.990   259.473    -4.48    3.09
 152824.307   258.738    -2.55    2.60
 153112.612   257.951    -2.73    2.80
 153400.904   257.026    -3.21    2.80
 153689.183   256.393    -2.19    2.91
 153977.448   256.042    -1.22    2.74
 154265.701   255.799    -0.84    2.50
 154553.941   255.432    -1.27    2.13
 154842.167   254.951    -1.67    2.02
 155130.381   254.781    -0.59    1.98
 155418.582   254.436    -1.20    2.29
 155706.769   253.834    -2.09    2.55
 155994.944   253.178    -2.28    2.41
 156283.106   252.784    -1.37    2.36
 156571.254   252.367    -1.45    2.38
 156859.390   251.951    -1.44    2.23
 157147.513   251.695    -0.89    2.16
 157435.622   251.708     0.05    2.36
 157723.719   251.860     0.53    2.34
 158011.803   251.593    -0.93    2.39
 158299.874   251.842     0.86    2.73
 158587.931   251.824    -0.06    2.71
 158875.976   252.087     0.91    2.88
 159164.008   252.488     1.39    2.78
 159452.027   252.754     0.92    2.81
 159740.033   253.581     2.87    3.54
 160028.026   253.951     1.28    3.21
 160316.006   253.889    -0.22    2.92
 160603.973   254.027     0.48    2.87
 160891.927   254.319     1.01    3.01
 161179.868   254.860     1.88    3.13
 161467.796   256.027     4.05    3.67
 161755.711   256.776     2.60    3.67
 162043.614   257.951     4.08    3.68
 162331.503   258.996     3.63    3.47
 162619.379   259.799     2.79    3.14
 162907.243   259.980     0.63    2.80
 163195.093   259.799    -0.63    2.63
 163482.931   259.459    -1.18    2.34
 163770.755   259.614     0.54    2.43
 164058.567   259.847     0.81    2.36
 164346.366   259.905     0.20    2.28
 164634.152   260.028     0.43    2.21
 164921.925   260.150     0.42    2.14
 165209.685   260.273     0.43    2.51
 165497.432   260.473     0.69    2.45
 165785.166   261.099     2.18    2.58
 166072.887   261.668     1.98    2.58
 166360.595   262.223     1.93    2.59
 166648.291   262.596     1.30    3.01
 166935.973   263.027     1.50    3.26
 167223.643   263.904     3.05    3.66
 167511.300   265.057     4.01    4.52
 167798.944   265.708     2.26    4.71
 168086.575   266.335     2.18    4.93
 168374.193   267.277     3.28    4.84
 168661.798   268.668     4.83    4.15
 168949.390   269.458     2.75    3.73
 169236.969   269.934     1.65    3.58
 169524.536   270.163     0.80    3.00
 169812.090   270.289     0.44    3.05
 170099.630   270.405     0.41    3.29
 170387.158   270.381    -0.09    3.52
 170674.673   270.420     0.14    3.70
 170962.175   270.641     0.77    3.73
 171249.665   270.802     0.56    3.87
 171537.141   271.489     2.39    4.03
 171824.605   272.205     2.49    3.97
 172112.055   272.827     2.16    3.78
 172399.493   272.949     0.42    3.67
 172686.918   272.920    -0.10    3.64
 172974.330   272.899    -0.07    3.44
 173261.729   272.663    -0.82    3.13
 173549.116   272.474    -0.66    2.63
 173836.489   272.474     0.00    2.38
 174123.850   272.548     0.26    1.96
 174411.198   273.072     1.82    2.01
 174698.533   273.393     1.12    1.91
 174985.855   273.996     2.10    2.19
 175273.165   274.793     2.77    2.55
 175560.461   275.633     2.92    2.77
 175847.745   276.163     1.85    2.78
 176135.016   276.802     2.23    2.47
 176422.274   277.314     1.78    2.25
 176709.519   277.849     1.86    1.90
 176996.752   278.072     0.78    2.02
 177283.971   278.181     0.38    2.07
 177571.178   278.648     1.63    2.28
 177858.372   279.365     2.50    2.33
 178145.553   279.750     1.34    2.17
 178433.077   280.155     1.41    1.85
 178723.028   279.935    -0.76    1.98
 179012.966   279.350    -2.02    2.46
 179302.891   278.356    -3.43    2.82
 179592.803   277.042    -4.53    3.06
 179882.702   276.027    -3.50    2.73
 180172.588   275.330    -2.40    2.54
 180462.461   274.695    -2.19    2.28
 180752.320   274.284    -1.42    2.06
 181042.167   274.319     0.12    1.96
 181332.001   274.163    -0.54    1.78
 181621.821   274.633     1.62    1.98
 181911.628   274.905     0.94    1.90
 182201.423   275.184     0.96    2.14
 182491.204   275.934     2.59    2.31
 182780.972   276.550     2.13    2.26
 183070.727   276.827     0.96    2.21
 183360.469   277.420     2.05    2.04
 183650.198   277.936     1.78    2.01
 183939.914   278.587     2.25    2.02
 184229.617   279.641     3.64    2.66
 184519.307   281.542     6.56    4.48
 184808.984   283.690     7.41    5.63
 185098.648   285.496     6.24    5.22
 185388.299   286.330     2.88    4.79
 185677.937   286.769     1.52    3.98
 185967.561   286.919     0.52    3.66
 186257.173   286.647    -0.94    3.51
 186546.772   286.254    -1.36    2.94
 186836.357   286.012    -0.84    2.08
 187125.930   286.739     2.51    2.34
 187415.490   287.181     1.53    2.38
 187705.036   287.996     2.82    2.52
 187994.570   288.577     2.01    2.33
 188284.091   289.511     3.23    2.87
 188573.598   290.254     2.57    2.94
 188863.093   291.612     4.69    3.01
 189152.574   292.145     1.84    2.84
 189442.043   292.511     1.26    2.52
 189731.498   292.429    -0.28    2.37
 190020.941   292.298    -0.45    2.46
 190310.371   292.178    -0.41    2.35
 190599.787   291.949    -0.79    2.10
 190889.191   291.875    -0.26    1.68
 191178.581   291.904     0.10    1.51
 191467.959   292.011     0.37    1.56
 191757.324   292.045     0.11    1.41
 192046.675   292.148     0.36    1.54
 192336.014   292.270     0.42    1.54
 192625.340   292.642     1.29    1.96
 192914.653   293.057     1.43    2.20
 193203.952   293.527     1.62    2.33
 193493.239   294.041     1.78    2.41
 193782.513   294.367     1.13    2.36
 194071.774   294.860     1.70    2.23
 194361.022   294.981     0.42    2.12
 194650.257   294.936    -0.16    2.15
 194939.479   295.135     0.69    2.15
 195228.688   295.481     1.20    2.19
 195517.884   295.647     0.57    2.16
 195807.067   295.784     0.47    1.92
 196096.238   296.028     0.84    1.83
 196385.395   296.148     0.41    1.76
 196674.539   296.284     0.47    1.87
 196963.671   296.772     1.69    2.01
 197252.789   296.981     0.72    2.22
 197541.895   297.028     0.16    2.19
 197830.988   297.602     1.98    2.25
 198120.067   297.758     0.54    2.26
 198409.134   297.951     0.67    2.19
 198698.188   298.119     0.58    2.17
 198987.229   298.444     1.12    2.08
 199276.257   298.637     0.67    2.05
 199565.272   298.784     0.51    1.97
 199854.275   298.996     0.73    1.85
 200143.264   299.106     0.38    1.94
 200432.240   299.299     0.67    1.87
 200721.204   299.178    -0.42    1.52
 201010.155   299.262     0.29    1.46
 201299.092   299.319     0.20    1.32
 201588.017   299.072    -0.85    1.34
 201876.929   298.916    -0.54    1.33
 202165.828   298.951     0.12    1.54
 202454.714   299.072     0.42    1.70
 202743.588   299.563     1.70    1.88
 203032.448   300.042     1.66    2.47
 203321.296   300.658     2.13    2.46
 203610.130   301.028     1.28    2.33
 203898.952   301.434     1.40    2.22
 204187.761   301.652     0.76    2.47
 204476.557   302.133     1.66    2.82
 204765.340   302.673     1.87    3.09
 205054.111   302.496    -0.61    2.46
 205342.868   303.042     1.89    3.21
 205631.613   302.980    -0.22    2.17
 205920.344   303.587     2.10    2.22
 206209.063   304.205     2.14    1.95
 206497.769   304.849     2.23    2.02
 206786.462   305.578     2.53    2.14
 207075.143   306.781     4.16    2.15
 207363.810   307.584     2.78    2.08
 207652.465   308.434     2.94    2.47
 207941.107   309.542     3.84    2.99
 208229.736   310.845     4.51    3.48
 208518.352   312.187     4.65    3.99
 208806.955   313.375     4.11    3.88
 209095.545   314.612     4.28    3.79
 209384.123   315.713     3.82    3.71
 209672.688   316.527     2.82    3.82
 209961.240   318.175     5.71    4.44
 210249.779   319.145     3.36    4.61
 210538.305   320.208     3.68    4.89
 210826.819   321.489     4.44    5.32
 211115.320   322.282     2.75    5.42
 211403.808   322.889     2.10    6.31
 211692.283   322.405    -1.67    5.56
 211980.745   322.027    -1.31    4.03
 212269.194   322.732     2.44    4.39
 212557.631   323.414     2.37    4.52
 212846.055   324.519     3.83    4.70
 213134.466   325.963     5.01    4.72
 213422.865   327.693     6.00    5.00
 213711.250   329.827     7.40    5.44
 213999.623   331.830     6.94    5.85
 214287.983   334.117     7.93    6.58
 214576.330   335.827     5.93    6.55
 214864.664   337.899     7.19    7.36
 215152.986   339.299     4.85    8.31
 215441.295   340.350     3.64    8.63
 215729.591   341.673     4.59    9.32
 216017.874   342.905     4.27    8.73
 216306.145   344.996     7.25    9.06
 216594.402   347.920    10.14    9.00
 216882.647   350.710     9.68    8.54
 217170.880   352.693     6.88    8.50
 217459.099   355.109     8.38    7.94
 217747.306   358.330    11.17    7.36
 218035.500   362.269    13.67    8.35
 218323.681   365.663    11.78    9.10
 218611.850   368.340     9.29    9.18
 218900.005   369.996     5.75    7.81
 219188.148   370.996     3.47    7.44
 219476.279   372.754     6.10    7.22
 219764.396   374.074     4.58    7.39
 220052.501   375.658     5.50    8.09
 220340.593   376.728     3.71    7.63
 220628.672   377.642     3.18    7.29
 220916.739   380.087     8.49    6.94
 221204.793   381.163     3.73    6.60
 221492.834   381.473     1.08    6.69
 221780.862   381.563     0.31    7.47
 222068.878   381.345    -0.76    7.74
 222356.881   382.012     2.32    7.80
 222644.871   381.027    -3.42    8.17
 222932.849   379.627    -4.86    8.19
 223220.813   379.028    -2.08    8.19
 223508.766   379.011    -0.06    7.67
 223796.705   378.519    -1.71    7.18
 224084.632   379.452     3.24    7.16
 224372.546   380.981     5.31    7.13
 224660.447   382.777     6.24    7.71
 224948.336   386.080    11.47    7.50
 225236.212   387.966     6.55    6.79
 225524.075   389.715     6.07    5.60
 225811.926   389.827     0.39    6.17
 226099.763   389.981     0.54    6.81
 226387.589   390.231     0.87    6.80
 226675.401   389.512    -2.50    7.63
 226963.201   389.949     1.52    7.43
 227250.988   389.196    -2.61    8.49
 227538.763   387.165    -7.06    9.98
 227826.525   385.557    -5.59   10.98
 228114.274   383.330    -7.74   11.11
 228402.010   380.814    -8.74   10.67
 228689.734   378.512    -8.00    9.15
 228977.445   377.269    -4.32    7.30
 229265.144   376.270    -3.47    5.90
 229552.830   376.181    -0.31    4.71
 229840.503   376.890     2.47    4.60
 230128.163   377.704     2.83    4.69
 230415.811   379.135     4.97    5.23
 230703.447   379.996     2.99    4.97
 230991.069   380.875     3.05    4.77
 231278.679   381.819     3.28    4.87
 231566.277   382.612     2.76    5.23
 231853.861   383.451     2.92    5.48
 232141.433   384.384     3.25    5.72
 232428.993   385.119     2.56    5.75
 232716.540   386.163     3.63    5.60
 233004.074   386.946     2.72    5.67
 233291.595   387.181     0.82    5.37
 233579.104   387.557     1.31    5.07
 233866.601   387.581     0.08    4.73
 234154.084   387.602     0.07    4.51
 234441.555   387.919     1.10    4.14
 234729.014   387.950     0.11    4.11
 235016.460   387.917    -0.12    3.73
 235303.893   388.319     1.40    4.10
 235591.314   388.907     2.04    4.21
 235878.722   389.504     2.08    4.05
 236166.117   390.444     3.27    4.34
 236453.500   391.117     2.34    4.23
 236740.871   391.528     1.43    4.06
 237028.228   392.420     3.10    4.07
 237315.573   392.835     1.44    3.86
 237602.906   394.168     4.64    3.99
 237890.226   395.117     3.30    4.06
 238177.533   396.239     3.90    4.42
 238464.828   397.258     3.55    4.65
 238752.110   398.060     2.79    4.47
 239039.380   398.981     3.21    4.08
 239326.637   398.851    -0.45    3.58
 239613.881   399.163     1.09    3.40
 239901.113   399.504     1.19    3.19
 240188.333   400.369     3.01    3.26
 240475.539   401.273     3.15    3.22
 240764.580   402.350     3.73    3.44
 241054.517   403.013     2.28    3.43
 241344.441   404.405     4.80    3.87
 241634.352   405.587     4.08    4.10
 241924.250   407.405     6.27    4.40
 242214.136   409.163     6.06    4.61
 242504.008   411.107     6.71    4.73
 242793.868   412.860     6.05    5.08
 243083.715   414.561     5.87    5.32
 243373.549   416.319     6.07    6.24
 243663.371   418.117     6.20    6.94
 243953.179   419.713     5.50    7.12
 244242.975   420.381     2.31    6.30
 244532.758   420.719     1.17    6.12
 244822.528   420.324    -1.36    5.38
 245112.285   419.350    -3.36    5.38
 245402.029   417.905    -4.99    5.30
 245691.761   416.757    -3.96    6.32
 245981.480   415.042    -5.92    6.25
 246271.186   414.856    -0.64    7.39
 246560.879   414.420    -1.50    7.64
 246850.560   413.867    -1.91    6.72
 247140.228   412.842    -3.54    5.31
 247429.882   412.981     0.48    4.57
 247719.525   412.936    -0.16    3.49
 248009.154   412.504    -1.49    2.62
 248298.771   412.704     0.69    2.10
 248588.374   412.730     0.09    2.04
 248877.965   412.936     0.71    2.06
 249167.544   413.390     1.57    2.28
 249457.109   413.643     0.87    2.57
 249746.662   413.750     0.37    2.53
 250036.202   413.658    -0.32    2.45
 250325.729   413.793     0.47    2.58
 250615.244   413.481    -1.08    2.77
 250904.745   413.371    -0.38    2.74
 251194.234   413.754     1.32    2.58
 251483.711   413.950     0.68    2.77
 251773.174   414.856     3.13    3.46
 252062.625   415.617     2.63    3.76
 252352.063   416.230     2.11    3.86
 252641.488   416.436     0.71    3.71
 252930.900   416.519     0.29    3.55
 253220.300   416.638     0.41    3.13
 253509.687   416.310    -1.13    2.62
 253799.062   416.058    -0.87    2.19
 254088.423   416.270     0.73    2.44
 254377.772   416.965     2.40    2.51
 254667.108   417.731     2.64    2.61
 254956.432   418.542     2.80    2.90
 255245.742   419.168     2.16    3.21
 255535.040   420.107     3.25    3.41
 255824.326   420.996     3.07    3.49
 256113.598   421.545     1.90    3.81
 256402.858   421.814     0.93    3.96
 256692.105   421.981     0.58    4.22
 256981.340   422.175     0.67    4.24
 257270.561   422.519     1.19    4.31
 257559.771   422.627     0.37    4.41
 257848.967   422.367    -0.90    4.15
 258138.151   422.335    -0.11    3.93
 258427.322   421.642    -2.39    3.32
 258716.480   421.119    -1.81    2.78
 259005.626   420.845    -0.95    2.38
 259294.758   420.504    -1.18    1.99
 259583.879   420.596     0.32    2.23
 259872.986   420.835     0.83    2.35
 260162.081   420.845     0.03    2.21
 260451.163   421.116     0.94    2.69
 260740.233   421.708     2.05    3.06
 261029.290   422.489     2.70    3.65
 261318.334   423.473     3.40    4.28
 261607.366   424.413     3.25    5.04
 261896.385   425.073     2.28    5.19
 262185.391   425.535     1.60    5.01
 262474.384   425.550     0.05    4.61
 262763.365   425.535    -0.05    3.87
 263052.334   425.735     0.69    3.30
 263341.289   425.981     0.85    2.45
 263630.232   426.869     3.07    3.13
 263919.163   427.678     2.80    3.49
 264208.080   429.310     5.65    4.28
 264496.985   430.026     2.48    4.28
 264785.878   430.325     1.03    4.08
 265074.758   430.581     0.89    4.05
 265363.625   430.663     0.28    3.81
 265652.479   430.781     0.41    3.73
 265941.321   431.356     1.99    4.01
 266230.151   431.935     2.00    4.49
 266518.967   432.966     3.57    4.65
 266807.771   433.904     3.25    4.19
 267096.563   434.916     3.50    4.23
 267385.342   435.309     1.36    4.32
 267674.108   435.504     0.68    4.25
 267962.862   435.177    -1.13    4.24
 268251.603   434.780    -1.37    3.76
 268540.331   434.237    -1.88    3.52
 268829.047   434.036    -0.70    2.94
 269117.750   434.322     0.99    3.31
 269406.441   434.069    -0.87    2.91
