-258944.848   145.134     0.00    5.44
-258657.492   144.957    -0.62    5.48
-258370.124   144.402    -1.93    6.27
-258082.743   144.471     0.24    6.28
-257795.350   143.807    -2.31    6.36
-257507.944   143.165    -2.23    5.74
-257220.526   142.368    -2.77    5.73
-256933.096   141.822    -1.90    5.13
-256645.653   141.551    -0.94    4.76
-256358.198   140.580    -3.38    4.33
-256070.730   140.132    -1.56    4.31
-255783.250   139.104    -3.58    4.58
-255495.758   137.056    -7.12    5.93
-255208.253   135.125    -6.72    6.13
-254920.736   132.758    -8.23    5.91
-254633.206   130.292    -8.58    5.16
-254345.664   128.765    -5.31    4.65
-254058.110   127.428    -4.65    4.77
-253770.543   127.329    -0.35    4.30
-253482.964   128.396     3.71    4.71
-253195.372   130.261     6.49    5.54
-252907.767   132.304     7.10    6.36
-252620.151   134.988     9.33    6.43
-252332.522   136.948     6.81    6.16
-252044.880   138.950     6.96    5.63
-251757.226   140.598     5.73    5.20
-251469.560   141.868     4.41    3.92
-251181.881   142.088     0.77    3.74
-250894.190   141.398    -2.40    4.45
-250606.486   141.097    -1.04    4.61
-250318.769   140.950    -0.51    5.68
-250031.041   140.729    -0.77    6.28
-249743.300   141.242     1.78    6.73
-249455.546   141.246     0.01    6.77
-249167.780   140.610    -2.21    7.08
-248880.001   140.396    -0.74    7.34
-248592.210   139.769    -2.18    7.32
-248304.407   138.753    -3.53    6.94
-248016.591   136.922    -6.36    6.22
-247728.762   135.427    -5.19    7.11
-247440.921   133.186    -7.78    7.19
-247153.068   131.216    -6.84    7.65
-246865.202   129.155    -7.16    8.18
-246577.323   127.273    -6.54    8.39
-246289.433   124.836    -8.46    7.72
-246001.529   123.292    -5.36    6.98
-245713.613   121.385    -6.62    5.47
-245425.685   120.116    -4.41    5.05
-245137.744   119.246    -3.02    4.72
-244849.791   117.773    -5.12    4.88
-244561.825   116.551    -4.24    4.92
-244273.846   114.504    -7.11    6.27
-243985.855   112.816    -5.86    6.41
-243697.852   110.765    -7.12    5.93
-243409.836   109.958    -2.80    5.69
-243121.808   109.104    -2.97    5.74
-242833.767   109.065    -0.14    5.97
-242545.713   108.453    -2.12    6.43
-242257.647   107.504    -3.30    6.92
-241969.568   106.088    -4.91    6.84
-241681.477   104.595    -5.18    6.48
-241393.374   102.473    -7.36    6.46
-241105.258   101.049    -4.94    5.54
-240817.129    99.390    -5.76    4.56
-240528.988    98.201    -4.13    5.36
-240240.834    97.390    -2.81    5.11
-239952.668    96.104    -4.46    4.69
-239664.489    95.201    -3.13    4.78
-239376.297    93.396    -6.26    4.63
-239088.093    92.181    -4.22    4.70
-238799.877    90.164    -6.99    4.60
-238511.648    88.565    -5.55    5.09
-238223.406    86.600    -6.82    4.37
-237935.152    85.474    -3.91    4.04
-237646.885    84.288    -4.11    3.57
-237358.606    83.355    -3.24    3.11
-237070.314    83.258    -0.34    2.81
-236782.010    82.534    -2.51    2.86
-236493.693    81.912    -2.16    3.30
-236205.363    81.731    -0.63    3.43
-235917.021    81.642    -0.31    3.66
-235628.666    81.095    -1.90    3.80
-235340.299    80.034    -3.68    4.49
-235051.919    79.598    -1.51    4.82
-234763.526    80.216     2.14    4.91
-234475.121    80.535     1.11    4.98
-234186.704    81.443     3.15    5.44
-233898.273    83.206     6.11    6.53
-233609.830    85.653     8.48    7.11
-233321.375    88.743    10.71    8.15
-233032.907    92.011    11.33    8.42
-232744.426    95.186    11.00    7.94
-232455.933    97.227     7.07    7.48
-232167.427    99.227     6.93    6.76
-231878.908   100.581     4.69    5.93
-231590.377   100.858     0.96    6.19
-231301.834   100.858     0.00    6.27
-231013.277   100.753    -0.36    6.18
-230724.708   100.614    -0.48    5.70
-230436.127    98.796    -6.30    6.87
-230147.532    96.176    -9.08    8.46
-229858.926    93.637    -8.80    9.05
-229570.306    90.489   -10.90    8.63
-229281.674    87.277   -11.13    7.30
-228993.029    83.919   -11.63    5.06
-228704.372    82.211    -5.91    4.44
-228415.702    80.253    -6.78    4.66
-228127.019    78.950    -4.51    4.10
-227838.324    78.292    -2.28    3.89
-227549.616    77.873    -1.45    3.99
-227260.895    77.777    -0.33    4.07
-226972.162    76.941    -2.90    3.93
-226683.416    76.934    -0.02    3.99
-226394.657    76.519    -1.44    4.39
-226105.886    75.549    -3.36    4.90
-225817.102    73.928    -5.61    5.61
-225528.305    72.322    -5.56    6.04
-225239.496    70.729    -5.52    5.57
-224950.674    68.097    -9.11    5.70
-224661.840    66.027    -7.17    5.33
-224372.992    64.049    -6.84    4.86
-224084.132    62.258    -6.20    4.15
-223795.260    60.350    -6.60    4.13
-223506.374    57.900    -8.48    4.22
-223217.476    55.261    -9.13    5.27
-222928.566    53.694    -5.43    5.73
-222639.642    51.019    -9.26    5.61
-222350.706    48.627    -8.28    5.37
-222061.757    45.868    -9.55    4.65
-221772.796    44.150    -5.94    4.29
-221483.822    43.084    -3.69    4.41
-221194.835    41.761    -4.57    4.55
-220905.835    40.316    -5.00    4.08
-220616.823    39.716    -2.08    4.26
-220327.798    39.165    -1.91    3.88
-220038.760    38.519    -2.24    3.78
-219749.710    38.035    -1.68    3.51
-219460.647    37.688    -1.20    3.45
-219171.571    37.837     0.51    3.72
-218882.482    38.035     0.69    3.98
-218593.381    39.746     5.92    4.94
-218304.267    42.292     8.80    7.37
-218015.140    45.800    12.13    8.91
-217726.001    50.503    16.26    9.46
-217436.849    54.231    12.89    8.24
-217147.684    57.390    10.92    7.00
-216858.506    59.822     8.41    5.74
-216569.315    62.489     9.22    6.33
-216280.112    63.444     3.30    6.10
-215990.896    64.095     2.25    6.17
-215701.668    64.442     1.20    6.70
-215412.426    66.027     5.48    6.62
-215123.172    66.943     3.17    6.09
-214833.905    69.155     7.65    7.41
-214544.625    70.107     3.29    7.54
-214255.333    70.919     2.81    8.04
-213966.028    70.963     0.15    9.18
-213676.710    70.474    -1.69   10.26
-213387.379    70.100    -1.29   10.94
-213098.035    68.625    -5.10   10.13
-212808.679    67.265    -4.70    8.20
-212519.310    66.922    -1.19    6.82
-212229.928    67.580     2.27    6.05
-211940.533    67.277    -1.05    6.74
-211651.126    65.874    -4.85    8.56
-211361.706    63.365    -8.67    9.82
-211072.273    60.898    -8.52    9.61
-210782.827    57.504   -11.72    9.26
-210493.368    55.671    -6.33    7.89
-210203.897    53.694    -6.83    5.94
-209914.413    54.943     4.32    6.41
-209624.916    55.745     2.77    6.21
-209335.406    56.965     4.21    6.58
-209045.883    58.549     5.47    6.48
-208756.348    60.221     5.77    4.93
-208466.800    60.086    -0.46    4.35
-208177.239    59.688    -1.37    4.01
-207887.665    58.765    -3.19    3.46
-207598.078    57.519    -4.30    3.03
-207308.479    56.307    -4.18    2.38
-207018.866    55.428    -3.03    2.38
-206729.241    55.065    -1.26    2.52
-206439.603    54.297    -2.65    2.93
-206149.952    53.489    -2.79    2.95
-205860.289    52.825    -2.29    2.91
-205570.612    52.027    -2.76    3.17
-205280.923    51.125    -3.11    3.14
-204991.221    50.116    -3.48    3.04
-204701.506    49.131    -3.40    2.52
-204411.778    48.474    -2.27    2.38
-204122.037    48.036    -1.51    2.28
-203832.284    47.488    -1.89    2.21
-203542.517    47.231    -0.89    2.33
-203252.738    46.746    -1.67    2.48
-202962.946    46.428    -1.10    2.44
-202673.141    46.160    -0.93    2.57
-202383.323    45.898    -0.90    2.97
-202093.492    45.793    -0.36    3.17
-201803.649    45.913     0.41    3.10
-201513.792    46.277     1.25    3.31
-201223.923    47.027     2.59    3.83
-200934.041    47.704     2.34    4.03
-200644.146    48.580     3.02    4.32
-200354.238    49.419     2.89    4.43
-200064.317    49.934     1.78    4.90
-199774.383    51.146     4.18    5.40
-199484.437    51.368     0.76    5.64
-199196.943    52.473     3.84    5.94
-198909.735    53.504     3.59    6.06
-198622.514    54.088     2.04    6.47
-198335.280    55.186     3.82    6.29
-198048.033    55.549     1.26    5.80
-197760.774    55.579     0.10    5.63
-197473.503    56.284     2.45    5.71
-197186.218    56.101    -0.64    5.75
-196898.921    56.253     0.53    6.07
-196611.612    56.119    -0.47    6.33
-196324.290    55.125    -3.46    6.92
-196036.955    55.175     0.17    6.84
-195749.607    54.688    -1.69    6.93
-195462.247    54.307    -1.33    7.11
-195174.874    53.488    -2.85    5.81
-194887.489    53.785     1.03    5.21
-194600.091    54.837     3.66    6.10
-194312.680    56.261     4.96    7.17
-194025.257    58.363     7.31    8.89
-193737.821    61.746    11.77   11.99
-193450.372    67.027    18.37   20.02
-193162.911    77.398    36.07   36.71
-192875.437    84.965    26.32   41.84
-192587.950    98.110    45.72   51.31
-192300.451   102.890    16.62   50.94
-192012.939   106.056    11.01   52.16
-191725.414    99.943   -21.26   49.45
-191437.877    92.549   -25.71   47.64
-191150.327    82.701   -34.24   41.54
-190862.764    70.916   -40.98   31.19
-190575.189    62.246   -30.14   12.72
-190287.601    59.696    -8.87   10.46
-190000.000    58.427    -4.41   11.05
-189712.387    57.265    -4.04   11.76
-189424.760    57.952     2.39   13.53
-189137.122    57.459    -1.71   13.89
-188849.470    57.519     0.21   14.21
-188561.806    55.470    -7.12   11.97
-188274.129    53.704    -6.14   10.62
-187986.439    51.258    -8.50    9.10
-187698.737    47.868   -11.78    9.39
-187411.022    48.034     0.58   11.54
-187123.294    45.807    -7.74   12.09
-186835.554    44.873    -3.25   14.70
-186547.801    42.245    -9.13   12.56
-186260.035    41.273    -3.38   12.21
-185972.256    39.125    -7.46    6.68
-185684.465    39.048    -0.27    5.73
-185396.661    39.134     0.30    5.45
-185108.844    40.913     6.18    6.72
-184821.014    42.164     4.35    6.56
-184533.172    43.913     6.07    6.67
-184245.317    46.100     7.60    6.52
-183957.449    48.383     7.93    6.85
-183669.569    51.186     9.74    7.08
-183381.676    53.474     7.95    7.11
-183093.770    55.989     8.73    7.06
-182805.851    57.938     6.77    6.55
-182517.920    59.913     6.86    6.85
-182229.975    61.342     4.96    7.10
-181942.018    61.958     2.14    7.20
-181654.049    62.658     2.43    7.45
-181366.066    62.967     1.07    8.08
-181078.071    62.719    -0.86    7.94
-180790.063    61.580    -3.96    8.50
-180502.042    60.932    -2.25    8.25
-180214.009    60.150    -2.71    8.99
-179925.962    59.231    -3.19    9.01
-179637.903    56.967    -7.86   10.26
-179349.831    55.211    -6.09   10.41
-179061.747    53.090    -7.36   10.25
-178773.649    51.504    -5.51   10.12
-178485.539    49.568    -6.72    8.82
-178197.416    47.943    -5.64    8.87
-177909.280    46.594    -4.68    8.11
-177621.131    45.071    -5.28    7.78
-177332.970    43.609    -5.08    7.29
-177044.796    41.110    -8.67    7.76
-176756.609    38.995    -7.34    6.97
-176468.409    37.950    -3.63    6.40
-176180.197    37.073    -3.04    5.87
-175891.971    36.034    -3.60    5.33
-175603.733    36.201     0.58    5.67
-175315.482    36.176    -0.09    5.80
-175027.218    37.365     4.13    6.33
-174738.941    37.736     1.29    6.33
-174450.652    38.292     1.93    6.50
-174162.350    38.811     1.80    6.09
-173874.035    39.671     2.98    5.36
-173585.707    39.746     0.26    5.08
-173297.366    39.610    -0.47    4.81
-173009.012    39.713     0.36    3.92
-172720.646    39.974     0.90    4.02
-172432.266    40.300     1.13    3.93
-172143.874    40.811     1.77    3.78
-171855.469    41.565     2.61    3.51
-171567.052    41.868     1.05    2.97
-171278.621    42.595     2.52    2.33
-170990.177    42.713     0.41    2.01
-170701.721    42.580    -0.46    1.93
-170413.252    42.673     0.32    2.08
-170124.770    42.868     0.67    2.28
-169836.275    42.981     0.39    2.40
-169547.767    42.842    -0.48    2.62
-169259.246    42.678    -0.57    2.48
-168970.713    41.888    -2.74    2.70
-168682.167    41.288    -2.08    2.34
-168393.607    40.932    -1.24    2.08
-168105.035    41.165     0.81    2.59
-167816.450    41.134    -0.11    3.19
-167527.852    41.428     1.02    3.15
-167239.241    42.011     2.02    3.18
-166950.618    42.943     3.23    3.80
-166661.981    44.455     5.24    4.56
-166373.332    45.716     4.37    4.65
-166084.670    46.413     2.41    4.51
-165795.994    47.307     3.10    4.07
-165507.306    48.307     3.46    4.19
-165218.605    49.363     3.66    4.15
-164929.891    50.231     3.01    3.89
-164641.164    50.922     2.39    3.96
-164352.425    51.827     3.13    3.74
-164063.672    52.701     3.03    3.24
-163774.907    53.698     3.45    3.51
-163486.128    54.365     2.31    3.67
-163197.337    55.428     3.68    3.99
-162908.532    56.634     4.17    3.93
-162619.715    58.049     4.90    4.17
-162330.885    59.758     5.91    4.68
-162042.042    61.989     7.72    5.23
-161753.186    63.216     4.25    5.58
-161464.317    64.894     5.81    6.63
-161175.435    66.549     5.73    7.34
-160886.540    67.648     3.80    7.53
-160597.633    68.719     3.71    7.67
-160308.712    70.847     7.37    8.33
-160019.778    73.728     9.97   10.33
-159730.832    76.937    11.10   11.69
-159441.872    81.322    15.17   13.84
-159152.900    85.374    14.02   13.62
-158863.914    89.488    14.24   12.86
-158574.916    92.734    11.23   11.48
-158285.905    96.428    12.78    9.70
-157996.880    98.898     8.54    8.79
-157707.843   102.613    12.85    7.72
-157418.793   104.904     7.92    6.68
-157129.730   107.213     7.99    6.41
-156840.653   108.504     4.47    7.71
-156551.564   109.355     2.94    8.38
-156262.462   111.049     5.86   10.66
-155973.347   113.489     8.44   15.14
-155684.219   120.216    23.26   25.52
-155395.078   122.948     9.45   26.14
-155105.924   129.658    23.20   34.85
-154816.757   132.827    10.96   35.83
-154527.577   140.731    27.33   46.26
-154238.384   143.811    10.65   48.42
-153949.178   154.411    36.65   56.62
-153659.959   159.227    16.65   60.88
-153370.727   164.945    19.77   56.49
-153081.482   179.913    51.74   66.81
-152792.224   191.847    41.25   69.24
-152502.953   207.101    52.73   71.78
-152213.668   221.415    49.47   72.59
-151924.371   242.967    74.49   69.83
-151635.061   261.710    64.78   62.01
-151345.738   272.396    36.93   57.26
-151056.402   283.332    37.79   48.65
-150767.053   293.565    35.36   39.83
-150477.691   299.564    20.73   33.79
-150188.315   307.086    25.99   22.97
-149898.927   308.258     4.05   20.84
-149609.526   313.402    17.78    7.19
-149320.112   314.549     3.96    4.15
-149030.684   314.325    -0.78    3.89
-148741.244   313.653    -2.32    4.04
-148451.790   312.595    -3.66    3.40
-148162.324   311.653    -3.25    3.05
-147872.844   310.884    -2.66    2.55
-147583.352   310.352    -1.84    2.17
-147293.846   309.928    -1.47    1.82
-147004.327   309.322    -2.09    2.00
-146714.796   308.534    -2.72    2.76
-146425.251   307.743    -2.73    3.27
-146135.693   306.319    -4.92    3.73
-145846.122   305.019    -4.49    3.59
-145556.538   303.777    -4.29    3.06
-145266.941   302.746    -3.56    2.53
-144977.330   302.201    -1.88    2.32
-144687.707   301.731    -1.62    2.12
-144398.071   301.140    -2.04    1.79
-144108.421   300.750    -1.35    1.84
-143818.759   300.202    -1.89    1.73
-143529.083   299.211    -3.42    2.42
-143239.395   297.832    -4.76    2.85
-142949.693   296.975    -2.96    3.25
-142659.978   296.474    -1.73    3.17
-142370.250   295.883    -2.04    2.95
-142080.509   295.519    -1.25    2.58
-141790.755   295.125    -1.36    2.97
-141500.987   294.611    -1.77    3.28
-141211.207   293.095    -5.23    4.00
-140921.413   291.534    -5.39    4.73
-140631.607   289.596    -6.69    4.80
-140341.787   287.934    -5.73    4.27
-140051.954   286.551    -4.77    3.72
-139762.108   285.611    -3.24    3.15
-139472.249   284.788    -2.84    2.92
-139182.377   285.176     1.34    3.78
-138892.491   286.071     3.09    4.54
-138602.593   287.368     4.47    4.92
-138312.681   288.339     3.35    5.00
-138022.756   289.125     2.71    5.29
-137732.819   290.160     3.57    4.95
-137442.868   291.458     4.48    4.11
-137154.170   291.686     0.79    3.83
-136867.003   291.673    -0.04    3.52
-136579.824   291.042    -2.20    3.87
-136292.632   289.858    -4.12    3.97
-136005.426   288.474    -4.82    4.29
-135718.208   286.719    -6.11    4.30
-135430.977   284.843    -6.53    4.18
-135143.734   283.201    -5.71    3.70
-134856.477   281.958    -4.32    3.17
-134569.207   280.761    -4.17    2.03
-134281.925   279.868    -3.11    1.71
-133994.630   279.035    -2.90    1.65
-133707.321   278.534    -1.74    1.96
-133420.000   278.355    -0.62    2.23
-133132.666   278.231    -0.43    2.36
-132845.319   278.140    -0.32    2.43
-132557.960   278.378     0.83    2.58
-132270.587   278.847     1.63    2.69
-131983.202   279.261     1.44    2.76
-131695.803   279.019    -0.84    2.86
-131408.392   278.322    -2.42    3.36
-131120.968   277.681    -2.23    3.56
-130833.530   276.937    -2.59    3.55
-130546.080   276.673    -0.92    4.09
-130258.617   276.201    -1.64    4.61
-129971.142   276.170    -0.11    5.28
-129683.653   275.728    -1.54    5.67
-129396.151   275.444    -0.99    5.67
-129108.636   274.967    -1.66    5.60
-128821.109   273.624    -4.67    5.42
-128533.568   272.550    -3.73    4.47
-128246.015   271.732    -2.84    4.40
-127958.449   271.868     0.47    5.05
-127670.869   271.253    -2.14    5.68
-127383.277   272.004     2.61    6.47
-127095.672   272.519     1.79    6.49
-126808.054   274.625     7.32    7.66
-126520.423   275.673     3.64    8.28
-126232.779   277.945     7.90    8.50
-125945.122   279.716     6.16    8.20
-125657.452   282.581     9.96    6.62
-125369.769   283.728     3.99    5.34
-125082.074   283.273    -1.58    5.93
-124794.365   280.898    -8.25    6.79
-124506.643   277.837   -10.64    6.37
-124218.909   274.837   -10.42    7.37
-123931.161   271.350   -12.12    7.72
-123643.400   268.504    -9.89    7.15
-123355.627   265.580   -10.16    7.01
-123067.840   263.443    -7.42    5.89
-122780.041   262.913    -1.84    5.32
-122492.228   262.503    -1.42    4.26
-122204.403   262.564     0.21    4.17
-121916.565   262.471    -0.32    4.47
-121628.713   262.746     0.96    3.91
-121340.849   262.428    -1.11    4.13
-121052.971   260.997    -4.97    4.54
-120765.081   259.898    -3.82    4.39
-120477.177   259.785    -0.39    4.54
-120189.261   260.868     3.76    5.08
-119901.332   262.471     5.57    5.87
-119613.389   264.201     6.01    6.31
-119325.434   265.761     5.42    5.99
-119037.465   267.034     4.42    4.51
-118749.484   267.982     3.29    2.80
-118461.490   267.888    -0.32    3.00
-118173.482   267.632    -0.89    3.19
-117885.462   267.165    -1.62    3.17
-117597.428   267.365     0.69    3.33
-117309.382   267.928     1.95    3.22
-117021.322   267.818    -0.38    3.73
-116733.250   267.458    -1.25    4.14
-116445.164   267.073    -1.33    4.62
-116157.065   266.169    -3.14    4.89
-115868.954   264.883    -4.46    5.07
-115580.829   262.683    -7.63    5.28
-115292.691   261.265    -4.92    5.10
-115004.541   259.746    -5.27    5.12
-114716.377   257.235    -8.71    4.29
-114428.200   255.535    -5.90    3.48
-114140.010   254.428    -3.84    3.02
-113851.807   253.565    -2.99    2.59
-113563.591   252.837    -2.53    2.59
-113275.362   252.504    -1.15    2.46
-112987.120   252.400    -0.36    2.28
-112698.864   252.034    -1.27    2.05
-112410.596   251.809    -0.78    1.92
-112122.315   252.261     1.57    2.30
-111834.020   252.963     2.43    2.45
-111545.713   253.611     2.25    2.32
-111257.392   253.459    -0.53    2.40
-110969.059   252.974    -1.68    2.63
-110680.712   252.534    -1.52    2.77
-110392.352   251.821    -2.47    2.76
-110103.979   251.019    -2.78    2.52
-109815.593   250.334    -2.37    2.19
-109527.194   250.125    -0.73    2.29
-109238.782   250.334     0.73    2.36
-108950.357   249.913    -1.46    2.30
-108661.918   249.128    -2.72    2.79
-108373.467   248.246    -3.06    2.95
-108085.002   248.329     0.29    3.19
-107796.525   248.625     1.03    3.22
-107508.034   248.997     1.29    3.37
-107219.530   249.731     2.55    3.76
-106931.013   250.504     2.68    4.02
-106642.483   251.457     3.30    4.06
-106353.939   252.292     2.89    3.96
-106065.383   253.138     2.93    4.16
-105776.814   254.049     3.16    4.40
-105488.231   254.898     2.94    4.55
-105199.635   255.490     2.05    4.18
-104911.026   256.307     2.83    3.54
-104622.404   257.011     2.44    3.00
-104333.769   256.701    -1.08    3.07
-104045.121   255.955    -2.59    3.07
-103756.459   254.788    -4.04    3.04
-103467.785   253.337    -5.02    3.77
-103179.097   251.651    -5.84    4.31
-102890.396   249.796    -6.43    4.34
-102601.682   247.982    -6.28    3.76
-102312.955   246.471    -5.23    3.37
-102024.215   245.427    -3.62    2.63
-101735.461   244.489    -3.25    2.28
-101446.694   244.534     0.16    2.54
-101157.915   245.041     1.76    3.09
-100869.122   245.297     0.88    3.31
-100580.315   246.095     2.76    3.56
-100291.496   246.847     2.60    3.62
-100002.664   248.186     4.63    3.78
 -99713.818   249.325     3.94    4.52
 -99424.959   250.504     4.08    4.86
 -99136.087   251.116     2.12    4.83
 -98847.202   251.958     2.92    4.67
 -98558.303   252.503     1.89    4.38
 -98269.392   252.565     0.21    4.18
 -97980.467   252.400    -0.57    3.22
 -97691.529   251.777    -2.16    2.78
 -97402.578   250.946    -2.88    2.67
 -97113.613   250.832    -0.39    2.70
 -96824.636   250.519    -1.08    2.68
 -96535.645   250.702     0.63    2.51
 -96246.641   250.549    -0.53    2.24
 -95957.624   250.928     1.31    2.16
 -95668.593   251.698     2.66    2.35
 -95379.549   253.221     5.27    3.62
 -95090.493   255.734     8.70    5.11
 -94801.422   257.981     7.77    5.65
 -94512.339   260.202     7.68    5.75
 -94223.243   261.981     6.15    4.75
 -93934.133   263.474     5.17    3.18
 -93645.010   264.155     2.36    2.48
 -93355.873   263.758    -1.37    2.83
 -93066.724   262.416    -4.64    3.53
 -92777.561   261.678    -2.55    3.61
 -92488.385   260.701    -3.38    3.62
 -92199.196   259.832    -3.01    3.63
 -91909.994   259.428    -1.39    3.86
 -91620.778   259.967     1.86    4.69
 -91331.549   260.549     2.01    5.35
 -91042.307   261.581     3.57    6.24
 -90753.051   262.386     2.78    6.29
 -90463.782   263.398     3.50    5.96
 -90174.500   263.549     0.52    5.40
 -89885.205   263.459    -0.31    5.23
 -89595.897   264.049     2.04    5.58
 -89306.575   265.624     5.44    7.02
 -89017.240   267.196     5.43    7.81
 -88727.891   268.996     6.22    8.22
 -88438.530   271.350     8.13    8.33
 -88149.155   273.041     5.85    7.32
 -87859.767   273.696     2.26    6.66
 -87570.365   274.385     2.38    5.73
 -87280.951   273.883    -1.73    5.59
 -86991.522   272.962    -3.18    4.98
 -86702.081   272.913    -0.17    4.29
 -86412.626   273.160     0.85    3.82
 -86123.159   274.086     3.20    4.09
 -85833.677   275.161     3.71    4.72
 -85544.183   276.958     6.21    4.63
 -85254.675   278.350     4.81    4.26
 -84965.154   279.664     4.54    3.68
 -84675.619   279.952     0.99    3.34
 -84386.071   279.653    -1.03    3.69
 -84096.510   278.818    -2.89    4.14
 -83806.936   277.898    -3.18    4.09
 -83517.348   277.459    -1.51    4.57
 -83227.747   277.408    -0.18    4.70
 -82938.133   278.019     2.11    4.32
 -82648.505   278.201     0.63    4.19
 -82358.864   277.372    -2.86    4.32
 -82069.210   276.857    -1.78    4.78
 -81779.542   276.176    -2.35    5.03
 -81489.861   274.842    -4.60    5.34
 -81200.166   273.969    -3.01    5.76
 -80910.459   273.758    -0.73    6.39
 -80620.737   274.307     1.90    7.22
 -80331.003   275.668     4.70    7.69
 -80041.255   276.504     2.88    7.78
 -79751.494   277.504     3.45    7.18
 -79461.720   277.427    -0.27    6.91
 -79171.932   277.011    -1.43    6.36
 -78882.130   276.534    -1.64    5.92
 -78592.316   277.310     2.68    3.55
 -78302.488   276.609    -2.42    2.76
 -78012.646   276.250    -1.24    3.03
 -77722.792   275.504    -2.57    3.53
 -77432.924   274.741    -2.63    3.76
 -77143.042   274.140    -2.07    4.01
 -76853.147   273.765    -1.29    4.01
 -76563.239   273.216    -1.89    4.30
 -76273.317   273.019    -0.68    4.28
 -75983.382   272.997    -0.08    4.62
 -75693.434   272.847    -0.51    5.02
 -75403.472   271.769    -3.72    4.98
 -75113.507   271.731    -0.13    5.58
 -74826.386   272.459     2.54    5.90
 -74539.251   274.107     5.74    6.43
 -74252.104   275.534     4.97    6.81
 -73964.943   278.034     8.71    6.62
 -73677.770   280.227     7.63    6.30
 -73390.583   281.035     2.81    6.91
 -73103.383   281.673     2.22    6.97
 -72816.170   281.337    -1.17    7.10
 -72528.944   279.490    -6.43    7.60
 -72241.705   278.934    -1.93    7.50
 -71954.452   277.504    -4.98    7.93
 -71667.187   275.229    -7.92    7.17
 -71379.908   274.065    -4.05    6.79
 -71092.616   274.660     2.07    6.93
 -70805.312   276.761     7.32    7.34
 -70517.994   278.862     7.31    7.78
 -70230.663   278.746    -0.40    7.55
 -69943.318   279.277     1.85    6.39
 -69655.961   279.144    -0.46    6.08
 -69368.590   277.504    -5.71    6.75
 -69081.207   275.567    -6.74    6.83
 -68793.810   273.990    -5.49    5.40
 -68506.400   273.671    -1.11    4.96
 -68218.977   273.313    -1.24    5.50
 -67931.540   273.368     0.19    5.99
 -67644.091   273.394     0.09    6.17
 -67356.628   275.080     5.86    7.59
 -67069.153   275.938     2.99    8.37
 -66781.664   275.564    -1.30    8.40
 -66494.162   275.325    -0.83    8.48
 -66206.646   273.937    -4.83    9.52
 -65919.118   273.191    -2.60    9.74
 -65631.576   270.398    -9.71    8.79
 -65344.021   267.217   -11.06    6.15
 -65056.454   265.581    -5.69    5.46
 -64768.872   264.928    -2.27    6.06
 -64481.278   264.146    -2.72    6.66
 -64193.670   262.754    -4.84    8.22
 -63906.050   260.265    -8.65    9.50
 -63618.416   257.368   -10.07    9.53
 -63330.769   254.027   -11.61    9.54
 -63043.108   251.125   -10.09    8.06
 -62755.435   247.878   -11.29    6.03
 -62467.748   245.822    -7.15    5.09
 -62180.048   244.548    -4.43    4.94
 -61892.335   243.443    -3.84    4.58
 -61604.609   241.716    -6.00    3.33
 -61316.869   241.011    -2.45    2.93
 -61029.117   241.261     0.87    3.26
 -60741.351   241.488     0.79    3.17
 -60453.571   242.549     3.69    3.88
 -60165.779   244.073     5.29    4.78
 -59877.973   245.638     5.44    5.88
 -59590.154   247.789     7.47    6.68
 -59302.322   249.365     5.48    6.90
 -59014.477   251.186     6.32    6.70
 -58726.618   252.957     6.15    6.09
 -58438.747   256.146    11.08    7.85
 -58150.861   259.365    11.18    8.40
 -57862.963   261.989     9.11    8.71
 -57575.052   264.796     9.75    8.48
 -57287.127   267.504     9.41    6.54
 -56999.189   269.043     5.34    4.83
 -56711.237   269.671     2.18    3.96
 -56423.273   269.777     0.37    3.54
 -56135.295   269.181    -2.07    3.56
 -55847.304   268.161    -3.54    4.01
 -55559.300   267.082    -3.75    3.70
 -55271.282   266.201    -3.06    4.25
 -54983.251   265.601    -2.08    3.84
 -54695.207   263.773    -6.35    4.53
 -54407.150   261.713    -7.15    6.41
 -54119.079   258.401   -11.50    8.42
 -53830.995   255.595    -9.74    9.00
 -53542.898   251.216   -15.20    8.81
 -53254.787   247.042   -14.49    8.05
 -52966.663   243.757   -11.40    6.27
 -52678.526   241.155    -9.03    6.20
 -52390.376   238.206   -10.24    6.96
 -52102.212   235.857    -8.15    7.08
 -51814.035   233.713    -7.44    6.84
 -51525.844   231.975    -6.03    6.63
 -51237.641   229.456    -8.74    5.32
 -50949.424   228.246    -4.20    3.25
 -50661.194   227.628    -2.14    2.69
 -50372.950   227.307    -1.12    2.71
 -50084.693   227.990     2.37    3.53
 -49796.423   229.534     5.36    5.59
 -49508.140   232.638    10.77    9.34
 -49219.843   236.486    13.35   11.79
 -48931.533   240.698    14.61   13.36
 -48643.209   244.119    11.86   13.07
 -48354.872   248.277    14.42   13.20
 -48066.522   251.922    12.64   13.29
 -47778.159   255.027    10.77   12.17
 -47489.782   256.034     3.49   11.17
 -47201.392   257.773     6.03    9.40
 -46912.988   258.777     3.48    9.05
 -46624.571   260.965     7.59    7.28
 -46336.141   260.400    -1.96    6.47
 -46047.698   260.919     1.80    5.50
 -45759.241   261.080     0.56    5.32
 -45470.771   260.906    -0.60    5.00
 -45182.287   259.989    -3.18    5.01
 -44893.790   258.904    -3.76    4.91
 -44605.280   257.288    -5.60    4.68
 -44316.756   255.534    -6.08    4.56
 -44028.219   253.186    -8.14    5.84
 -43739.669   250.474    -9.40    7.07
 -43451.105   248.191    -7.91    7.42
 -43162.528   245.803    -8.28    7.31
 -42873.937   243.342    -8.53    6.19
 -42585.333   241.086    -7.81    5.06
 -42296.716   240.071    -3.52    4.78
 -42008.085   239.095    -3.38    5.19
 -41719.441   237.671    -4.93    4.92
 -41430.784   236.293    -4.77    5.81
 -41142.113   235.474    -2.84    7.17
 -40853.429   234.488    -3.41    8.69
 -40564.731   232.004    -8.60    9.07
 -40276.020   229.095   -10.08    7.32
 -39987.295   227.292    -6.24    6.01
 -39698.558   225.704    -5.50    5.08
 -39409.806   225.258    -1.55    5.94
 -39121.042   224.277    -3.40    6.23
 -38832.263   223.694    -2.02    6.73
 -38543.472   222.564    -3.91    6.59
 -38254.667   220.258    -7.99    5.83
 -37965.849   218.907    -4.68    4.87
 -37677.017   218.150    -2.62    4.36
 -37388.172   217.922    -0.79    4.66
 -37099.313   217.424    -1.72    4.74
 -36810.441   216.807    -2.14    4.75
 -36521.555   215.671    -3.93    5.07
 -36232.656   214.887    -2.71    5.29
 -35943.744   213.095    -6.20    4.36
 -35654.818   211.738    -4.70    4.23
 -35365.879   210.761    -3.38    3.91
 -35076.926   209.955    -2.79    3.43
 -34787.960   209.943    -0.04    3.59
 -34498.980   209.579    -1.26    3.16
 -34209.987   209.196    -1.33    2.91
 -33920.981   208.862    -1.15    2.74
 -33631.961   208.965     0.36    3.09
 -33342.927   208.868    -0.34    3.49
 -33053.880   208.805    -0.22    3.76
 -32764.820   207.907    -3.11    4.04
 -32475.746   206.640    -4.38    4.43
 -32186.659   206.078    -1.95    4.47
 -31897.558   205.176    -3.12    4.48
 -31608.443   205.165    -0.04    5.88
 -31319.316   204.694    -1.63    6.16
 -31030.174   203.411    -4.43    6.63
 -30741.020   202.337    -3.71    7.16
 -30451.851   201.713    -2.16    7.82
 -30162.670   201.325    -1.34    8.04
 -29873.474   199.919    -4.86    7.40
 -29584.266   198.325    -5.51    5.62
 -29295.043   196.617    -5.90    4.23
 -29005.808   196.261    -1.23    4.04
 -28716.558   195.519    -2.57    3.22
 -28427.296   193.857    -5.74    4.51
 -28138.019   191.580    -7.87    7.55
 -27848.730   189.332    -7.77    8.98
 -27559.426   187.686    -5.69    9.31
 -27270.109   186.229    -5.04    8.83
 -26980.779   186.095    -0.46    7.95
 -26691.435   185.325    -2.66    7.70
 -26402.078   185.607     0.98    7.14
 -26112.707   186.758     3.98    6.01
 -25823.322   188.211     5.02    4.94
 -25533.924   187.913    -1.03    4.70
 -25244.513   188.027     0.39    4.07
 -24955.088   188.862     2.89    4.16
 -24665.649   190.595     5.99    5.44
 -24376.197   191.698     3.81    5.95
 -24086.731   192.534     2.89    5.99
 -23797.252   192.579     0.15    6.35
 -23507.759   192.825     0.85    6.39
 -23218.253   191.611    -4.19    7.23
 -22928.733   189.221    -8.26    8.17
 -22639.199   184.681   -15.68   10.33
 -22349.652   178.027   -22.98   17.85
 -22060.092   169.222   -30.41   23.10
 -21770.518   160.489   -30.16   24.56
 -21480.930   154.535   -20.56   25.61
 -21191.328   148.852   -19.62   27.42
 -20901.714   148.071    -2.70   25.84
 -20612.085   147.843    -0.79   25.12
 -20322.443   149.151     4.52   24.17
 -20032.787   154.642    18.96   18.65
 -19743.118   158.489    13.28   17.24
 -19453.435   162.707    14.56   15.52
 -19163.739   167.534    16.66   14.20
 -18874.029   172.504    17.15   12.07
 -18584.305   175.990    12.03   12.91
 -18294.568   178.065     7.16   12.22
 -18004.817   178.080     0.05   13.96
 -17715.053   176.376    -5.88   16.15
 -17425.275   172.211   -14.37   21.57
 -17135.483   158.847   -46.12   43.74
 -16845.678   140.982   -61.65   57.45
 -16555.859   117.818   -79.93   65.67
 -16266.026    94.027   -82.08   67.49
 -15976.180    76.982   -58.81   67.28
 -15686.320    56.667   -70.09   61.62
 -15396.447    40.387   -56.16   53.72
 -15106.560    24.125   -56.10   36.22
 -14816.659    15.548   -29.59   26.22
 -14526.745     8.206   -25.33    8.83
 -14236.817     5.707    -8.62    3.99
 -13946.876     4.731    -3.36    1.94
 -13656.920     4.535    -0.68    1.37
 -13366.951     4.398    -0.47    1.27
 -13076.969     4.334    -0.22    1.20
 -12788.575     4.328    -0.02    1.18
 -12501.482     4.337     0.03    1.18
 -12214.376     4.165    -0.60    1.19
 -11927.256     4.171     0.02    1.34
 -11640.124     4.258     0.30    1.40
 -11352.977     4.638     1.33    2.08
 -11065.818     4.640     0.01    2.14
 -10778.645     4.847     0.72    2.10
 -10491.459     4.862     0.05    2.10
 -10204.259     4.832    -0.10    2.11
  -9917.047     4.777    -0.19    2.06
  -9629.820     4.549    -0.79    1.37
  -9342.581     4.442    -0.37    1.28
  -9055.328     4.355    -0.30    1.24
  -8768.061     4.519     0.57    1.17
  -8480.782     4.459    -0.21    1.27
  -8193.489     4.489     0.10    1.18
  -7906.182     4.257    -0.81    1.26
  -7618.862     4.235    -0.07    1.30
  -7331.529     4.427     0.67    1.25
  -7044.182     4.340    -0.30    1.23
  -6756.822     4.269    -0.25    1.26
  -6469.449     4.155    -0.40    1.31
  -6182.062     4.265     0.38    1.37
  -5894.662     4.281     0.05    1.50
  -5607.248     4.370     0.31    1.51
  -5319.821     4.350    -0.07    1.47
  -5032.381     4.246    -0.36    1.41
  -4744.927     4.119    -0.44    1.31
  -4457.460     4.240     0.42    1.33
  -4169.979     4.134    -0.37    1.27
  -3882.485     4.365     0.80    1.34
  -3594.978     4.504     0.48    1.41
  -3307.457     4.729     0.78    1.52
  -3019.923     5.095     1.27    1.65
  -2732.375     5.196     0.35    1.80
  -2444.814     5.313     0.41    1.87
  -2157.239     5.595     0.98    2.14
  -1869.651     5.596     0.00    2.27
  -1582.050     5.443    -0.53    2.41
  -1294.435     5.227    -0.75    2.64
  -1006.807     4.459    -2.67    3.19
   -719.165     3.746    -2.48    3.22
   -431.510     3.564    -0.63    3.08
   -143.841     3.191    -1.30    2.85
    143.841     3.027    -0.57    2.68
    431.537     3.019    -0.03    2.51
    719.246     3.611     2.06    2.53
   1006.968     4.307     2.42    2.59
   1294.704     5.668     4.73    2.87
   1582.453     6.857     4.13    3.47
   1870.216     8.683     6.35    4.58
   2157.993    11.201     8.75    5.90
   2445.782    13.962     9.59    6.86
   2733.586    17.429    12.05    7.57
   3021.402    21.837    15.31    8.34
   3309.233    24.967    10.87    7.40
   3597.076    26.519     5.39    6.24
   3884.934    27.012     1.71    5.90
   4172.804    26.504    -1.76    6.45
   4460.688    25.694    -2.81    6.70
   4748.586    24.385    -4.55    6.33
   5036.497    23.134    -4.34    5.04
   5324.422    22.012    -3.90    3.84
   5612.360    22.065     0.18    3.71
   5900.312    22.594     1.84    4.17
   6188.277    23.488     3.11    4.29
   6476.256    24.171     2.37    4.24
   6764.248    24.888     2.49    4.46
   7052.254    25.504     2.14    4.17
   7340.273    26.176     2.33    4.13
   7628.305    26.534     1.25    3.17
   7916.352    27.277     2.58    2.83
   8204.411    27.904     2.18    2.82
   8492.485    28.807     3.14    2.60
   8780.572    29.688     3.06    2.41
   9068.672    30.713     3.56    2.52
   9356.786    31.916     4.18    2.79
   9644.913    32.792     3.04    2.67
   9933.054    33.898     3.84    2.78
  10221.209    35.196     4.51    4.74
  10509.377    36.818     5.63    6.01
  10797.558    37.713     3.11    5.89
  11085.754    38.594     3.06    5.73
  11373.962    39.355     2.64    4.84
  11662.185    39.666     1.08    3.52
  11950.420    40.504     2.91    3.44
  12238.670    41.113     2.11    3.50
  12526.933    42.743     5.66    4.45
  12815.209    43.858     3.87    4.45
  13103.499    45.110     4.34    4.76
  13391.803    46.116     3.49    5.25
  13680.120    47.401     4.46    5.53
  13968.451    48.773     4.76    6.00
  14256.795    50.307     5.32    6.15
  14545.153    51.489     4.10    6.14
  14833.525    52.567     3.74    6.16
  15121.910    53.607     3.61    5.90
  15410.309    54.683     3.73    5.86
  15698.721    55.357     2.34    5.40
  15987.147    56.235     3.04    4.80
  16275.586    56.822     2.03    4.30
  16564.040    57.898     3.73    4.45
  16852.506    59.534     5.67    4.93
  17140.987    61.235     5.90    5.41
  17429.480    62.997     6.10    5.97
  17717.988    64.916     6.65    6.13
  18006.509    66.743     6.33    6.42
  18295.044    69.140     8.31    6.13
  18583.592    70.948     6.26    6.76
  18872.154    73.119     7.53    7.24
  19160.730    75.398     7.90    7.58
  19449.319    77.564     7.51    7.81
  19737.922    80.622    10.60   12.51
  20026.539    86.937    21.88   25.22
  20315.169    97.758    37.49   39.48
  20603.812   106.339    29.73   48.23
  20892.470   118.280    41.37   56.96
  21181.141   133.549    52.90   64.58
  21469.826   140.446    23.89   64.87
  21758.524   151.131    37.01   64.37
  22047.236   155.474    15.04   62.50
  22335.962   166.550    38.36   60.63
  22624.701   172.987    22.29   57.71
  22913.454   180.713    26.76   56.87
  23202.221   195.534    51.33   54.31
  23491.001   208.519    44.97   48.60
  23779.795   215.967    25.79   40.03
  24068.602   214.777    -4.12   38.48
  24357.424   208.858   -20.49   41.78
  24646.259   206.595    -7.83   41.66
  24935.107   203.429   -10.96   41.21
  25223.970   201.758    -5.79   39.63
  25512.846   204.078     8.03   40.38
  25801.735   208.171    14.17   38.38
  26090.639   219.235    38.30   32.52
  26379.556   234.253    51.98   20.48
  26668.487   241.080    23.63   19.66
  26957.431   246.627    19.20   17.59
  27246.389   250.210    12.40   14.63
  27535.361   251.725     5.24   11.23
  27824.347   251.146    -2.00   10.19
  28113.346   249.019    -7.36   11.46
  28402.359   243.600   -18.75   14.48
  28691.386   236.868   -23.29   15.03
  28980.426   224.368   -43.25   25.11
  29269.480   215.975   -29.04   26.71
  29558.548   214.244    -5.99   25.11
  29847.629   212.698    -5.35   24.68
  30136.725   214.857     7.47   25.93
  30425.834   218.600    12.94   25.43
  30714.957   223.683    17.58   21.90
  31004.093   228.781    17.63   15.82
  31293.243   232.137    11.61   14.16
  31582.407   235.504    11.65   12.82
  31871.585   239.519    13.88   11.91
  32160.776   243.004    12.05   12.63
  32449.981   245.519     8.70   12.72
  32739.200   249.086    12.33   11.85
  33028.433   253.196    14.21   10.57
  33317.680   256.892    12.78   10.64
  33606.940   259.943    10.55   10.47
  33896.214   265.381    18.80   11.65
  34185.501   270.381    17.28   12.84
  34474.803   274.095    12.84   11.48
  34764.118   277.125    10.47    9.92
  35053.447   278.701     5.45   10.00
  35342.790   278.754     0.18   10.24
  35632.146   277.716    -3.59   11.76
  35921.517   274.967    -9.50   13.59
  36210.901   271.816   -10.89   13.83
  36500.299   269.368    -8.46   14.17
  36789.711   265.165   -14.52   14.27
  37079.136   259.773   -18.63   14.48
  37368.575   255.372   -15.20   14.37
  37658.028   251.549   -13.21   13.82
  37947.495   250.504    -3.61   13.65
  38236.976   249.180    -4.57   13.79
  38526.470   252.913    12.89   15.11
  38815.979   256.565    12.62   14.49
  39105.501   259.041     8.55   14.39
  39395.037   261.287     7.76   11.24
  39684.586   264.355    10.60   10.20
  39974.150   264.166    -0.65    9.58
  40263.727   261.067   -10.70   13.10
  40553.318   258.027   -10.50   14.75
  40842.923   253.858   -14.40   15.52
  41132.542   249.240   -15.95   15.63
  41422.175   241.803   -25.68   18.01
  41711.821   235.370   -22.21   17.90
  42001.482   232.258   -10.74   19.07
  42291.156   228.987   -11.29   19.31
  42580.844   225.310   -12.69   18.84
  42870.545   222.898    -8.33   18.90
  43160.261   218.578   -14.91   19.95
  43449.991   214.922   -12.62   21.49
  43739.734   210.101   -16.64   22.72
  44029.491   200.688   -32.49   21.31
  44319.262   195.155   -19.09   20.83
  44609.047   191.019   -14.27   17.60
  44898.846   187.967   -10.53   12.87
  45188.659   188.063     0.33   11.62
  45478.485   194.086    20.78   18.91
  45768.326   202.313    28.39   23.04
  46058.180   209.719    25.55   24.73
  46348.048   215.958    21.53   25.76
  46637.930   222.625    23.00   23.82
  46927.826   227.446    16.63   22.05
  47217.736   229.504     7.10   20.93
  47507.660   229.564     0.21   18.94
  47797.597   230.400     2.88   18.23
  48087.549   230.662     0.90   17.79
  48377.514   232.565     6.56   17.22
  48667.493   233.594     3.55   17.87
  48957.486   235.056     5.04   17.19
  49247.227   236.823     6.10   16.94
  49534.276   238.415     5.54   16.12
  49821.338   239.340     3.22   15.53
  50108.414   239.978     2.22   14.62
  50395.503   242.907    10.20   13.75
  50682.606   246.383    12.11   12.14
  50969.723   249.666    11.44   10.89
  51256.853   251.794     7.41   10.43
  51543.996   254.181     8.31    8.37
  51831.153   256.832     9.23    5.70
  52118.324   258.309     5.14    4.70
  52405.509   258.666     1.24    4.82
  52692.707   258.688     0.08    5.92
  52979.919   257.952    -2.56    6.35
  53267.144   256.758    -4.16    6.42
  53554.383   255.922    -2.91    6.59
  53841.635   254.638    -4.47    5.94
  54128.901   254.630    -0.03    5.17
  54416.181   254.803     0.60    4.86
  54703.474   255.394     2.06    3.59
  54990.781   254.943    -1.57    4.34
  55278.102   253.731    -4.22    5.09
  55565.436   253.446    -0.99    6.19
  55852.784   253.206    -0.83    7.05
  56140.146   254.150     3.29    8.12
  56427.521   255.549     4.87    8.69
  56714.910   257.406     6.46    8.10
  57002.312   259.080     5.82    6.64
  57289.728   261.176     7.29    4.40
  57577.158   261.931     2.63    3.78
  57864.601   262.151     0.77    3.91
  58152.058   262.519     1.28    4.29
  58439.529   263.004     1.69    4.87
  58727.013   263.191     0.65    5.71
  59014.511   262.313    -3.05    6.97
  59302.023   260.295    -7.02    9.03
  59589.548   258.078    -7.71    9.61
  59877.087   255.907    -7.55    8.71
  60164.640   253.548    -8.20    7.44
  60452.206   252.565    -3.42    6.86
  60739.786   252.186    -1.32    6.90
  61027.380   251.640    -1.90    6.93
  61314.987   252.056     1.45    7.16
  61602.609   252.401     1.20    6.92
  61890.243   252.594     0.67    6.29
  62177.892   253.370     2.70    6.87
  62465.554   254.710     4.66    7.58
  62753.230   256.686     6.87    8.08
  63040.919   258.350     5.78    8.02
  63328.623   259.847     5.21    7.75
  63616.340   259.607    -0.83    6.94
  63904.070   259.534    -0.25    6.35
  64191.815   259.716     0.63    5.43
  64479.573   259.863     0.51    4.92
  64767.345   260.595     2.54    4.68
  65055.130   260.934     1.18    4.37
  65342.929   261.322     1.35    4.26
  65630.742   262.107     2.73    3.97
  65918.569   262.728     2.16    3.91
  66206.409   263.041     1.09    3.86
  66494.264   262.972    -0.24    3.63
  66782.131   262.710    -0.91    3.65
  67070.013   262.874     0.57    3.60
  67357.908   264.071     4.16    4.25
  67645.818   265.048     3.39    5.15
  67933.740   265.937     3.09    5.16
  68221.677   266.847     3.16    5.30
  68509.627   267.827     3.40    4.85
  68797.591   268.784     3.32    4.51
  69085.569   269.344     1.95    5.16
  69373.561   270.034     2.39    5.98
  69661.566   271.892     6.45    6.86
  69949.585   274.862    10.31    7.99
  70237.618   277.295     8.45    8.35
  70525.665   279.811     8.74    8.39
  70813.725   280.370     1.94    8.75
  71101.800   280.202    -0.58    8.78
  71389.888   281.798     5.54    8.86
  71677.989   282.206     1.41    8.35
  71966.105   281.418    -2.74    7.81
  72254.234   280.078    -4.65    6.98
  72542.377   277.686    -8.30    7.15
  72830.534   275.746    -6.73    8.20
  73118.705   272.852   -10.04    8.21
  73406.890   270.429    -8.41    7.01
  73695.088   268.504    -6.68    6.04
  73983.300   267.696    -2.81    6.21
  74271.526   266.798    -3.11    6.36
  74559.766   265.731    -3.70    6.02
  74848.019   265.292    -1.52    5.59
  75136.286   264.646    -2.24    4.70
  75424.568   263.698    -3.29    3.50
  75712.863   262.952    -2.59    2.28
  76001.171   263.004     0.18    2.42
  76289.494   263.101     0.34    2.35
  76577.830   263.370     0.93    2.39
  76866.181   263.719     1.21    2.29
  77154.545   264.058     1.17    2.52
  77442.923   264.883     2.86    2.63
  77731.314   265.907     3.55    2.65
  78019.720   267.343     4.98    4.15
  78308.139   269.847     8.69    6.72
  78596.573   272.813    10.28    8.49
  78885.020   275.888    10.66    9.21
  79173.481   277.625     6.02    9.20
  79461.956   280.734    10.78    8.34
  79750.444   283.122     8.28    6.37
  80038.947   283.416     1.02    6.15
  80327.463   283.459     0.15    5.74
  80615.993   283.310    -0.52    5.76
  80904.538   283.043    -0.93    5.42
  81193.095   284.231     4.12    5.67
  81481.667   284.673     1.53    5.48
  81770.253   284.578    -0.33    5.46
  82058.853   284.475    -0.36    5.69
  82347.466   285.161     2.38    6.02
  82636.094   285.701     1.87    6.43
  82924.735   286.456     2.61    6.42
  83213.390   286.080    -1.30    6.74
  83502.059   285.686    -1.36    6.71
  83790.742   284.990    -2.41    6.33
  84079.439   284.620    -1.28    5.58
  84368.149   284.666     0.16    5.35
  84656.874   285.713     3.63    6.44
  84945.613   286.957     4.31    6.63
  85234.365   288.967     6.96    7.04
  85523.131   290.042     3.72    6.88
  85811.912   291.638     5.53    7.45
  86100.706   293.862     7.70    7.33
  86389.514   296.235     8.22    7.64
  86678.336   299.578    11.57    8.40
  86967.172   302.456     9.96    9.33
  87256.021   306.048    12.44    9.12
  87544.885   308.934     9.99    7.97
  87833.763   310.803     6.47    6.38
  88122.655   311.990     4.11    5.10
  88411.560   311.784    -0.71    4.92
  88700.480   310.328    -5.04    5.72
  88989.413   308.106    -7.69    6.11
  89278.360   306.548    -5.39    6.14
  89567.322   304.442    -7.29    5.40
  89856.297   303.385    -3.66    4.76
  90145.286   303.340    -0.15    4.59
  90434.289   303.788     1.55    4.72
  90723.307   304.504     2.48    4.48
  91012.338   305.253     2.59    4.59
  91301.383   306.594     4.64    5.32
  91590.442   308.196     5.54    5.51
  91879.515   310.171     6.83    6.33
  92168.602   312.227     7.11    6.58
  92457.703   314.910     9.28    6.89
  92746.818   317.989    10.65    6.63
  93035.947   319.888     6.57    6.62
  93325.089   322.898    10.41    6.58
  93614.246   326.488    12.42    7.05
  93903.417   329.155     9.22    7.12
  94192.602   332.073    10.09    7.20
  94481.801   335.056    10.32    7.72
  94771.014   338.428    11.66    7.55
  95060.240   340.640     7.65    7.80
  95349.481   343.155     8.70    7.21
  95638.736   344.868     5.92    6.64
  95928.005   346.116     4.32    5.37
  96217.288   346.796     2.35    3.99
  96506.585   345.489    -4.52    4.73
  96795.896   343.852    -5.66    5.63
  97085.220   341.731    -7.33    6.48
  97374.559   339.873    -6.42    6.39
  97663.912   337.519    -8.14    5.68
  97953.279   336.240    -4.42    4.98
  98242.660   335.337    -3.12    4.03
  98532.055   336.019     2.36    4.36
  98821.464   337.408     4.80    4.67
  99110.887   339.337     6.67    6.00
  99400.325   342.873    12.22    9.26
  99689.776   345.638     9.56   10.07
  99979.241   350.229    15.86   11.76
 100268.720   355.171    17.07   11.60
 100558.214   359.610    15.34   11.60
 100847.721   363.503    13.45   10.08
 101137.242   366.065     8.85    9.87
 101426.778   369.396    11.51    9.44
 101716.327   372.370    10.27    7.83
 102005.891   373.548     4.07    7.01
 102295.469   374.843     4.47    6.52
 102585.060   375.490     2.23    6.59
 102874.666   376.410     3.18    6.27
 103164.286   376.385    -0.09    6.71
 103453.920   374.625    -6.08    7.76
 103743.568   372.681    -6.71    8.31
 104033.230   372.433    -0.85    8.41
 104322.906   372.298    -0.47    8.64
 104612.597   371.668    -2.18    9.27
 104902.301   372.003     1.16    9.52
 105192.020   372.446     1.53    9.69
 105481.752   373.042     2.06    8.14
 105771.499   373.078     0.12    7.48
 106061.260   371.504    -5.43    6.84
 106351.035   369.983    -5.25    6.64
 106640.824   368.398    -5.47    6.13
 106930.627   367.713    -2.36    5.86
 107220.444   365.975    -6.00    5.66
 107510.275   364.489    -5.13    5.52
 107800.121   362.990    -5.17    5.59
 108089.980   361.862    -3.89    5.40
 108379.854   360.265    -5.51    5.08
 108669.742   357.873    -8.25    4.56
 108959.644   356.180    -5.84    4.24
 109249.560   355.131    -3.62    3.77
 109539.490   353.683    -4.99    3.80
 109829.435   353.107    -1.99    3.62
 110119.393   352.265    -2.90    3.68
 110409.366   351.713    -1.90    3.72
 110699.353   351.381    -1.15    4.05
 110989.354   350.550    -2.86    4.07
 111279.369   350.041    -1.75    4.31
 111567.511   349.668    -1.30    4.57
 111854.528   349.505    -0.57    5.01
 112141.559   349.196    -1.08    5.51
 112428.603   349.504     1.08    6.18
 112715.661   350.534     3.59    7.27
 113002.734   351.140     2.11    7.44
 113289.820   353.653     8.75    9.21
 113576.919   355.310     5.77    9.74
 113864.033   357.372     7.18   11.23
 114151.161   359.352     6.90   11.43
 114438.302   360.862     5.26   11.91
 114725.457   362.504     5.72   11.51
 115012.626   362.004    -1.74   10.44
 115299.809   363.610     5.59   10.53
 115587.006   364.704     3.81   11.01
 115874.216   365.292     2.05   11.19
 116161.441   366.827     5.34   12.37
 116448.679   370.798    13.83   15.58
 116735.931   374.171    11.74   16.82
 117023.197   376.596     8.44   17.50
 117310.477   376.777     0.63   16.84
 117597.771   374.719    -7.16   16.43
 117885.079   372.383    -8.13   16.00
 118172.400   370.610    -6.17   15.17
 118459.736   369.287    -4.60   14.99
 118747.085   367.385    -6.62   13.22
 119034.448   367.365    -0.07   13.34
 119321.825   368.095     2.54   13.50
 119609.216   368.066    -0.10   13.86
 119896.621   366.549    -5.28   13.32
 120184.039   364.295    -7.84   11.49
 120471.472   361.200   -10.77   10.17
 120758.918   359.357    -6.41    8.66
 121046.379   357.242    -7.36    6.49
 121333.853   357.125    -0.41    5.51
 121621.341   356.842    -0.98    5.14
 121908.843   358.240     4.86    5.87
 122196.359   358.892     2.27    5.20
 122483.889   359.447     1.93    5.28
 122771.433   359.340    -0.37    5.13
 123058.991   359.563     0.78    6.03
 123346.563   360.319     2.63    7.71
 123634.148   359.489    -2.89    8.38
 123921.748   358.958    -1.84    8.79
 124209.361   358.609    -1.22    9.03
 124496.989   358.578    -0.11    9.33
 124784.630   358.982     1.40    9.38
 125072.285   360.813     6.37   10.81
 125359.955   361.981     4.06   10.14
 125647.638   361.883    -0.34   10.03
 125935.335   362.504     2.16    9.44
 126223.046   363.337     2.90    8.84
 126510.771   364.078     2.57    9.42
 126798.510   364.322     0.85    9.35
 127086.263   364.206    -0.40   10.30
 127374.030   364.350     0.50   10.42
 127661.811   363.140    -4.20    9.66
 127949.606   363.261     0.42    8.95
 128237.414   362.731    -1.84    8.66
 128525.237   362.594    -0.48    8.03
 128813.074   362.919     1.13    7.76
 129100.925   363.609     2.40    7.68
 129388.789   363.974     1.27    7.16
 129676.668   364.383     1.42    6.36
 129964.561   365.292     3.16    5.68
 130252.467   366.110     2.84    4.78
 130540.388   367.056     3.29    4.61
 130828.322   368.304     4.33    4.46
 131116.271   369.922     5.62    4.38
 131404.234   371.716     6.23    4.62
 131692.210   373.686     6.84    4.85
 131980.201   376.610    10.16    5.93
 132268.206   378.919     8.02    6.88
 132556.224   382.728    13.23    7.73
 132844.257   386.627    13.54    8.51
 133132.304   389.754    10.86    8.14
 133420.364   392.549     9.70    7.12
 133708.439   395.181     9.14    5.41
 133996.528   395.898     2.49    4.85
 134284.630   395.181    -2.49    4.94
 134572.747   394.250    -3.23    4.81
 134860.878   392.852    -4.85    4.41
 135149.023   391.328    -5.29    4.75
 135437.182   390.191    -3.95    5.04
 135725.355   388.792    -4.85    4.61
 136013.542   388.368    -1.47    4.46
 136301.743   388.242    -0.44    4.21
 136589.958   389.387     3.97    4.88
 136878.187   390.594     4.19    5.08
 137166.430   393.034     8.47    5.11
 137454.687   395.295     7.85    5.27
 137742.959   398.110     9.77    5.50
 138031.244   400.807     9.36    5.70
 138319.543   403.934    10.85    7.28
 138607.857   409.754    20.19   15.74
 138896.184   416.161    22.22   19.24
 139184.526   422.461    21.85   23.22
 139472.882   427.370    17.03   24.66
 139761.251   431.686    14.97   24.49
 140049.635   433.165     5.13   23.35
 140338.033   434.258     3.79   21.63
 140626.445   433.093    -4.04   15.76
 140914.871   436.107    10.45   18.35
 141203.311   442.722    22.94   23.13
 141491.766   447.131    15.29   23.21
 141780.234   454.967    27.17   25.46
 142068.717   462.473    26.02   28.14
 142357.213   472.565    34.98   31.85
 142645.724   484.913    42.81   36.49
 142934.249   499.696    51.24   40.93
 143222.788   515.769    55.71   41.35
 143511.341   531.355    54.02   36.56
 143799.908   538.960    26.36   31.82
 144088.489   546.781    27.10   28.11
 144377.084   553.246    22.41   25.02
 144665.694   561.352    28.09   20.72
 144954.318   566.563    18.06   21.41
 145242.955   569.887    11.52   19.78
 145531.607   573.489    12.48   17.18
 145820.273   578.343    16.82   12.50
 146108.953   580.981     9.14   10.47
 146397.648   583.352     8.22    8.41
 146686.356   584.261     3.15    8.06
 146975.079   586.107     6.39    6.72
 147263.816   586.931     2.85    6.03
 147552.566   586.370    -1.94    6.90
 147841.332   585.416    -3.30    7.93
 148130.111   584.627    -2.73    8.97
 148418.904   583.837    -2.73    9.71
 148707.712   583.913     0.26   10.93
 148996.533   582.725    -4.11   12.01
 149285.369   582.225    -1.73   12.56
 149574.219   582.564     1.17   13.24
 149863.084   583.798     4.27   13.37
 150151.962   585.628     6.34   12.67
 150440.854   585.534    -0.33   11.94
 150729.761   585.110    -1.47   10.28
 151018.682   586.534     4.93    9.44
 151307.617   587.887     4.68    8.37
 151596.567   589.176     4.46    9.16
 151885.530   592.298    10.81   10.61
 152174.508   595.613    11.47   10.66
 152463.500   596.565     3.29   10.55
 152752.506   598.898     8.07   10.34
 153041.526   599.725     2.86   11.85
 153330.561   600.372     2.24   14.48
 153619.609   602.638     7.84   16.40
 153908.672   603.769     3.91   19.04
 154197.750   607.035    11.30   19.23
 154486.841   608.171     3.93   19.31
 154775.947   609.080     3.14   18.07
 155065.066   609.460     1.32   15.26
 155354.200   607.637    -6.31   14.20
 155643.349   606.071    -5.41   13.55
 155932.511   605.225    -2.93   13.90
 156221.688   605.191    -0.12   14.25
 156510.879   603.201    -6.88   14.11
 156800.084   601.807    -4.82   12.62
 157089.304   599.372    -8.42   12.44
 157378.537   596.254   -10.78   12.77
 157667.785   594.489    -6.10   12.56
 157957.048   593.034    -5.03   11.39
 158246.324   591.646    -4.80   10.31
 158535.615   590.943    -2.43   11.40
 158824.920   589.746    -4.14   12.87
 159114.239   586.828   -10.09   15.17
 159403.573   585.004    -6.30   15.12
 159692.920   585.355     1.21   16.51
 159982.283   585.754     1.38   17.11
 160271.659   585.916     0.56   16.55
 160561.049   587.913     6.90   16.45
 160850.454   592.807    16.91   14.56
 161139.874   595.622     9.73   12.52
 161429.307   595.710     0.30   12.45
 161718.755   594.698    -3.50   13.45
 162008.217   592.892    -6.24   15.37
 162297.693   591.884    -3.48   17.07
 162587.184   585.383   -22.46   21.12
 162876.689   578.398   -24.13   23.36
 163166.208   570.788   -26.29   26.24
 163455.742   566.960   -13.22   27.28
 163745.289   560.698   -21.63   29.99
 164034.852   552.683   -27.68   33.07
 164324.428   547.170   -19.04   32.92
 164614.019   540.989   -21.35   30.39
 164903.624   534.041   -23.99   26.67
 165193.243   529.609   -15.31   25.03
 165482.877   525.887   -12.85   22.77
 165772.525   524.027    -6.42   22.83
 166062.188   526.027     6.91   26.21
 166351.864   533.456    25.65   31.08
 166641.555   541.765    28.69   32.16
 166931.261   554.387    43.57   34.78
 167220.981   566.564    42.04   33.84
 167510.715   577.823    38.87   27.93
 167800.463   585.071    25.02   24.24
 168090.226   589.622    15.71   22.95
 168380.003   593.213    12.39   20.90
 168669.795   596.334    10.77   20.35
 168959.601   590.019   -21.79   30.06
 169249.421   580.579   -32.58   35.15
 169539.255   571.519   -31.26   37.30
 169829.104   566.277   -18.09   37.99
 170118.968   556.975   -32.09   36.09
 170408.845   550.488   -22.38   36.97
 170698.738   547.211   -11.31   36.43
 170988.644   548.564     4.67   33.18
 171278.565   548.653     0.31   28.81
 171568.500   544.432   -14.56   23.00
 171858.450   543.934    -1.72   18.94
 172148.414   546.857    10.08   18.21
 172438.392   550.242    11.67   14.85
 172728.385   549.352    -3.07   14.82
 173018.392   549.901     1.89   13.28
 173308.414   548.415    -5.13   14.78
 173597.988   547.056    -4.69   17.87
 173884.962   543.273   -13.19   19.89
 174171.950   538.401   -16.98   22.36
 174458.953   534.550   -13.42   22.66
 174745.969   530.981   -12.44   22.94
 175032.999   527.997   -10.40   22.79
 175320.043   522.131   -20.44   22.42
 175607.102   520.244    -6.58   24.23
 175894.174   520.012    -0.81   24.30
 176181.261   519.310    -2.44   25.33
 176468.361   521.381     7.21   24.05
 176755.476   522.950     5.47   24.20
 177042.605   528.698    20.02   23.78
 177329.747   535.548    23.86   20.28
 177616.904   541.166    19.57   18.59
 177904.075   540.877    -1.01   19.80
 178191.260   537.563   -11.54   19.75
 178478.460   532.934   -16.12   19.91
 178765.673   528.049   -17.01   20.01
 179052.900   525.581    -8.60   20.39
 179340.142   525.475    -0.37   22.11
 179627.397   525.968     1.72   20.91
 179914.667   530.444    15.58   18.99
 180201.951   529.698    -2.60   17.09
 180489.249   530.011     1.09   14.47
 180776.561   530.822     2.82   16.26
 181063.887   533.928    10.81   18.32
 181351.227   532.928    -3.48   19.66
 181638.582   533.788     2.99   20.53
 181925.950   535.550     6.13   20.82
 182213.333   536.728     4.10   17.97
 182500.730   536.265    -1.61   16.61
 182788.141   532.365   -13.57   15.51
 183075.566   530.019    -8.16   15.14
 183363.005   526.413   -12.55   15.77
 183650.458   521.686   -16.45   17.62
 183937.926   513.701   -27.78   17.08
 184225.407   508.765   -17.17   17.48
 184512.903   503.328   -18.92   17.99
 184800.413   495.119   -28.56   15.92
 185087.937   488.868   -21.75   13.19
 185375.476   484.175   -16.32   11.76
 185663.028   480.398   -13.14    9.45
 185950.595   477.698    -9.39    7.23
 186238.176   476.867    -2.89    7.17
 186525.770   476.055    -2.82    7.26
 186813.380   475.898    -0.55    8.08
 187101.003   476.862     3.35    9.07
 187388.640   477.894     3.59    7.51
 187676.292   478.084     0.66    7.28
 187963.958   477.401    -2.37    6.74
 188251.638   476.305    -3.81    6.86
 188539.332   474.548    -6.11    6.58
 188827.041   472.668    -6.54    6.22
 189114.763   470.638    -7.06    5.99
 189402.500   468.789    -6.43    6.52
 189690.251   467.166    -5.64    6.69
 189978.016   463.975   -11.09    7.22
 190265.796   463.333    -2.23    6.55
 190553.589   463.258    -0.26    6.20
 190841.397   463.666     1.42    6.41
 191129.219   465.235     5.45    6.61
 191417.056   466.821     5.51    6.67
 191704.906   469.240     8.40    6.60
 191992.771   471.847     9.06    5.39
 192280.650   473.374     5.30    5.25
 192568.543   474.562     4.13    4.86
 192856.451   474.269    -1.02    5.46
 193144.372   473.049    -4.24    6.33
 193432.308   471.938    -3.86    6.33
 193720.258   471.607    -1.15    6.19
 194008.223   470.549    -3.68    6.11
 194296.201   469.678    -3.02    5.84
 194584.194   469.605    -0.26    5.84
 194872.201   471.122     5.27    5.71
 195160.223   472.887     6.13    7.34
 195448.258   475.207     8.06    8.21
 195736.308   479.235    13.99   11.55
 196024.372   486.473    25.13   17.80
 196312.451   496.387    34.42   23.41
 196600.544   509.390    45.14   30.90
 196888.651   524.666    53.03   36.35
 197176.772   541.579    58.71   37.78
 197464.907   556.941    53.32   35.98
 197753.057   562.110    17.94   37.26
 198041.221   553.304   -30.56   49.68
 198329.400   542.063   -39.01   57.51
 198617.592   536.269   -20.11   62.45
 198905.799   533.458    -9.75   65.95
 199194.021   537.201    12.99   68.75
 199482.256   550.910    47.57   71.01
 199770.506   583.155   111.89   68.09
 200058.770   612.473   101.72   53.44
 200347.049   636.681    83.99   55.89
 200635.341   652.823    56.00   55.33
 200923.648   673.027    70.09   51.84
 201211.970   696.716    82.18   36.43
 201500.306   704.625    27.43   33.79
 201788.656   702.580    -7.09   36.58
 202077.020   690.458   -42.04   60.66
 202365.399   671.653   -65.22   85.71
 202653.792   657.982   -47.41  103.33
 202942.199   637.488   -71.07  114.56
 203230.621   597.922  -137.20  128.75
 203519.057   557.221  -141.13  141.95
 203807.507   519.686  -130.15  133.56
 204095.972   516.443   -11.24  124.17
 204384.451   520.822    15.18  101.86
 204672.944   515.310   -19.11   91.82
 204961.452   511.658   -12.66   87.15
 205249.974   522.316    36.95   87.85
 205538.510   513.431   -30.80   94.95
 205827.061   483.027  -105.39   96.62
 206115.626   450.701  -112.04  103.42
 206404.206   411.119  -137.18  104.02
 206692.800   377.653  -115.98   97.96
 206981.408   349.034   -99.18   92.64
 207270.030   322.374   -92.39   80.61
 207558.667   299.651   -78.74   60.21
 207847.319   278.550   -73.12   27.23
 208135.985   272.640   -20.48   19.52
 208424.665   267.878   -16.50   13.72
 208713.359   264.398   -12.06   13.31
 209002.068   261.146   -11.27   13.78
 209290.791   257.181   -13.74   12.88
 209579.529   252.946   -14.67   10.89
 209868.281   249.150   -13.15    8.42
 210157.048   248.063    -3.76    7.38
 210445.829   247.128    -3.24    6.63
 210734.624   247.071    -0.20    6.99
 211023.434   246.818    -0.88    6.93
 211312.258   247.176     1.24    7.16
 211601.096   247.200     0.08    6.96
 211889.949   246.625    -1.99    6.94
 212178.817   246.813     0.65    6.85
 212467.699   246.207    -2.10    6.33
 212756.595   245.946    -0.90    6.63
 213045.505   245.310    -2.20    6.07
 213334.431   244.948    -1.25    6.05
 213623.370   244.504    -1.53    5.80
 213912.324   243.781    -2.51    5.70
 214201.292   243.034    -2.58    5.92
 214490.275   242.050    -3.40    5.73
 214779.273   241.298    -2.60    5.99
 215068.284   240.063    -4.27    5.74
 215357.310   239.005    -3.66    5.73
 215646.351   237.922    -3.75    5.77
 215935.406   236.811    -3.84    5.62
 216224.476   235.151    -5.74    5.73
 216513.560   234.160    -3.43    5.46
 216802.658   232.696    -5.07    5.88
 217091.771   231.128    -5.42    5.91
 217380.899   229.773    -4.69    5.93
 217670.041   228.265    -5.21    5.89
 217959.197   226.904    -4.71    5.81
 218248.368   224.504    -8.30    5.46
 218537.553   223.258    -4.31    5.34
 218826.753   221.225    -7.03    5.91
 219115.967   219.432    -6.20    5.74
 219405.196   218.131    -4.50    5.89
 219694.439   216.429    -5.88    5.75
 219983.697   215.073    -4.69    5.70
 220272.970   212.798    -7.86    6.43
 220562.256   211.888    -3.15    7.12
 220851.558   210.146    -6.02    7.68
 221140.873   208.592    -5.37    7.77
 221430.204   206.534    -7.11    7.38
 221719.549   204.761    -6.13    7.00
 222008.908   203.319    -4.99    6.76
 222298.282   201.429    -6.53    6.47
 222587.670   199.258    -7.51    6.29
 222877.073   196.206   -10.55    6.67
 223166.491   193.200   -10.39    6.62
 223455.923   190.473    -9.42    6.92
 223745.369   186.777   -12.77    6.16
 224034.830   185.257    -5.25    5.38
 224324.306   183.769    -5.14    4.48
 224613.796   182.845    -3.19    3.74
