-173874.229    37.670     0.00    3.84
-173587.218    38.064     1.37    3.97
-173300.222    39.748     5.87    4.65
-173013.241    43.534    13.19    7.75
-172726.273    48.388    16.92   11.61
-172439.320    55.372    24.34   15.19
-172152.381    63.911    29.76   18.12
-171862.414    73.690    33.73   18.26
-171572.383    81.473    26.84   16.22
-171282.367    87.521    20.86   12.15
-170992.365    90.901    11.66    8.58
-170702.378    92.280     4.76    6.44
-170412.406    92.675     1.36    5.84
-170122.448    91.236    -4.96    5.92
-169832.505    89.769    -5.06    5.52
-169542.576    88.850    -3.17    5.24
-169252.662    88.462    -1.34    4.66
-168962.763    89.166     2.43    4.46
-168672.878    89.973     2.78    4.93
-168383.008    92.494     8.70    6.21
-168093.152    97.715    18.02   11.06
-167803.311   105.695    27.54   16.13
-167513.484   112.429    23.23   16.92
-167223.672   118.048    19.39   15.86
-166933.875   123.850    20.02   12.94
-166644.092   127.372    12.16    9.57
-166354.323   129.449     7.17    8.56
-166064.569   131.489     7.04    9.30
-165774.830   133.297     6.24   10.04
-165485.105   136.372    10.61   10.13
-165195.395   139.828    11.93   10.27
-164905.699   144.014    14.45    9.75
-164616.018   148.797    16.51    8.34
-164326.352   151.757    10.22    8.00
-164036.700   154.607     9.84    7.08
-163747.062   156.880     7.85    6.18
-163457.439   159.195     8.00    4.74
-163167.830   160.893     5.86    3.60
-162878.236   162.084     4.11    3.07
-162588.657   163.115     3.56    3.31
-162299.092   164.201     3.75    3.30
-162009.541   165.238     3.58    2.95
-161720.006   166.118     3.04    3.19
-161430.484   167.517     4.83    3.13
-161140.977   168.575     3.65    3.48
-160851.485   170.003     4.94    3.83
-160562.007   171.600     5.52    4.12
-160272.543   173.123     5.26    4.04
-159983.094   174.298     4.06    3.52
-159693.660   175.842     5.34    3.03
-159404.240   176.571     2.52    2.64
-159114.834   177.078     1.75    2.35
-158825.443   177.557     1.66    2.64
-158536.066   178.489     3.22    2.96
-158246.704   179.592     3.81    3.16
-157957.357   180.835     4.30    3.71
-157668.023   182.122     4.45    4.13
-157378.705   183.600     5.11    3.71
-157089.400   184.835     4.27    3.15
-156800.111   185.842     3.48    2.87
-156510.835   186.078     0.82    2.72
-156221.574   186.654     1.99    2.35
-155932.328   186.725     0.24    2.35
-155643.096   187.118     1.36    1.88
-155353.878   187.543     1.47    2.02
-155064.675   187.966     1.46    2.16
-154775.487   188.742     2.68    2.64
-154486.312   188.210    -1.84    8.09
-154197.152   188.951     2.56    9.06
-153908.007   187.166    -6.17   14.23
-153618.876   184.872    -7.94   17.72
-153329.760   180.690   -14.46   21.33
-153040.657   175.880   -16.64   23.86
-152751.570   171.680   -14.53   24.19
-152462.496   168.239   -11.90   23.72
-152173.438   165.151   -10.69   21.98
-151884.393   162.416    -9.46   20.89
-151595.363   161.239    -4.07   18.79
-151306.347   160.137    -3.82   17.21
-151017.346   158.805    -4.61   13.80
-150728.359   157.034    -6.13    9.33
-150439.387   156.445    -2.04    8.85
-150150.429   154.680    -6.11    7.45
-149861.485   154.166    -1.78    7.25
-149572.556   152.690    -5.11    6.47
-149283.641   150.894    -6.22    5.89
-148994.740   149.491    -4.86    5.80
-148705.854   148.065    -4.94    5.09
-148416.982   147.004    -3.67    5.12
-148128.125   145.388    -5.60    4.39
-147839.282   145.019    -1.28    4.06
-147550.453   144.546    -1.64    3.34
-147261.639   144.387    -0.55    2.76
-146972.839   144.432     0.16    2.49
-146684.053   144.603     0.59    2.60
-146395.282   144.725     0.42    2.93
-146106.525   144.403    -1.11    2.91
-145817.783   144.297    -0.37    2.72
-145529.054   143.842    -1.57    2.79
-145240.340   142.418    -4.94    4.05
-144951.641   140.615    -6.25    4.72
-144662.956   139.111    -5.21    5.25
-144374.285   137.581    -5.30    5.17
-144085.628   136.280    -4.51    5.19
-143796.986   135.160    -3.88    4.68
-143508.358   134.502    -2.28    4.02
-143219.745   135.074     1.98    4.13
-142931.146   136.074     3.47    4.37
-142642.561   137.065     3.44    4.59
-142353.990   137.402     1.17    4.75
-142065.434   137.539     0.47    4.66
-141776.892   137.542     0.01    4.57
-141488.364   137.059    -1.67    4.16
-141199.851   137.014    -0.16    3.59
-140911.352   136.754    -0.90    2.88
-140622.867   137.433     2.35    3.06
-140334.397   138.924     5.17    3.37
-140045.941   140.297     4.76    3.81
-139757.499   141.711     4.90    3.97
-139469.071   143.880     7.52    4.88
-139180.658   145.933     7.12    5.33
-138892.259   148.107     7.54    4.91
-138603.874   149.790     5.84    4.44
-138315.504   151.403     5.59    4.01
-138027.148   152.100     2.42    3.57
-137738.806   152.065    -0.12    3.48
-137450.478   151.504    -1.94    3.58
-137162.165   150.671    -2.89    3.81
-136873.866   149.604    -3.70    3.99
-136585.581   148.592    -3.51    3.83
-136297.311   147.403    -4.13    3.74
-136009.054   146.933    -1.63    4.62
-135720.812   146.173    -2.64    5.04
-135432.584   145.813    -1.25    5.10
-135144.371   145.805    -0.03    4.67
-134856.171   146.169     1.26    4.50
-134567.986   146.269     0.35    3.70
-134279.815   146.387     0.41    2.99
-133991.659   146.615     0.79    2.81
-133703.517   147.111     1.72    2.37
-133415.388   146.622    -1.70    3.14
-133127.274   145.954    -2.32    4.10
-132839.175   144.887    -3.71    4.65
-132551.089   144.195    -2.40    5.54
-132263.018   143.268    -3.22    6.31
-131974.961   142.100    -4.06    7.49
-131686.918   141.788    -1.08    8.34
-131398.890   139.760    -7.04    9.45
-131110.875   137.193    -8.91    9.98
-130822.875   134.328    -9.95   10.51
-130534.889   131.342   -10.37   10.34
-130246.917   127.122   -14.66    8.60
-129958.959   123.603   -12.22    6.26
-129671.016   121.736    -6.49    5.47
-129383.087   119.416    -8.06    4.48
-129095.172   117.584    -6.36    3.72
-128807.271   115.908    -5.82    4.06
-128519.384   114.163    -6.06    4.38
-128231.512   112.029    -7.41    4.94
-127943.653   109.857    -7.54    4.94
-127655.809   108.008    -6.42    4.80
-127367.979   105.901    -7.32    4.12
-127080.164   104.111    -6.22    3.12
-126792.362   102.951    -4.03    2.57
-126504.574   101.813    -3.96    2.20
-126216.801   101.313    -1.74    2.00
-125929.042   100.745    -1.97    1.97
-125641.297   100.516    -0.80    1.95
-125353.566   100.445    -0.25    1.83
-125065.849   100.188    -0.89    1.53
-124778.147   100.521     1.16    1.66
-124490.459   101.088     1.97    1.83
-124202.784   102.107     3.54    2.70
-123915.124   103.798     5.88    3.58
-123627.478   105.294     5.20    4.07
-123339.846   107.357     7.17    4.55
-123052.229   109.560     7.66    4.50
-122764.625   111.519     6.81    4.30
-122477.035   113.078     5.42    3.71
-122189.460   114.181     3.84    3.09
-121901.899   114.656     1.65    2.77
-121614.352   114.967     1.08    2.58
-121326.819   115.078     0.39    2.34
-121039.300   114.795    -0.98    2.49
-120751.795   113.901    -3.11    3.15
-120464.304   112.842    -3.68    3.41
-120176.828   111.607    -4.30    3.16
-119889.365   111.357    -0.87    2.89
-119601.917   111.188    -0.59    2.81
-119314.483   111.548     1.25    2.97
-119027.062   112.294     2.59    3.39
-118739.656   113.175     3.07    3.45
-118452.264   114.372     4.16    2.83
-118164.886   115.357     3.43    2.16
-117877.523   115.828     1.64    2.33
-117590.173   116.283     1.58    2.05
-117302.837   116.284     0.00    2.58
-117015.515   116.438     0.54    2.44
-116728.208   116.820     1.33    2.74
-116440.914   117.798     3.41    3.04
-116153.635   118.401     2.10    2.93
-115866.370   119.254     2.97    2.56
-115579.118   120.074     2.85    2.48
-115291.881   121.256     4.12    2.65
-115004.658   122.437     4.11    2.57
-114717.449   123.690     4.37    3.22
-114430.254   124.857     4.06    3.63
-114143.073   126.038     4.11    3.59
-113855.906   127.169     3.94    3.46
-113568.753   128.491     4.61    3.09
-113281.614   129.432     3.28    2.66
-112994.489   130.040     2.12    2.30
-112707.378   130.433     1.37    1.86
-112420.281   130.019    -1.44    2.24
-112133.198   129.489    -1.84    2.93
-111846.129   128.299    -4.15    3.67
-111559.075   127.311    -3.44    4.06
-111272.034   126.418    -3.11    4.51
-110985.007   125.757    -2.30    4.34
-110697.995   124.812    -3.29    4.14
-110410.996   124.297    -1.80    4.29
-110124.011   124.857     1.95    4.83
-109835.553   124.909     0.18    5.41
-109545.532   125.957     3.61    6.20
-109255.526   126.994     3.57    7.28
-108965.534   128.096     3.80    7.33
-108675.557   128.175     0.27    8.49
-108385.594   126.849    -4.57    9.11
-108095.645   125.491    -4.68    9.53
-107805.710   123.690    -6.21   10.84
-107515.790   122.757    -3.22   11.56
-107225.884   122.569    -0.65   12.59
-106935.993   123.742     4.04   14.47
-106646.116   124.887     3.95   16.53
-106356.253   126.803     6.61   18.27
-106066.404   128.730     6.65   18.30
-105776.570   127.966    -2.64   18.72
-105486.750   126.494    -5.08   18.78
-105196.944   122.797   -12.76   19.07
-104907.153   118.795   -13.81   19.71
-104617.376   112.236   -22.64   17.98
-104327.613   106.434   -20.02   14.65
-104037.865   102.548   -13.41   11.40
-103748.131    99.937    -9.01    9.35
-103458.411    97.312    -9.06    8.45
-103168.706    95.933    -4.76    8.71
-102879.014    94.532    -4.84    8.61
-102589.337    92.766    -6.10    7.99
-102299.675    91.126    -5.66    7.33
-102010.026    89.651    -5.09    6.08
-101720.392    89.067    -2.02    5.22
-101430.773    87.835    -4.26    4.55
-101141.167    87.130    -2.43    4.51
-100851.576    86.294    -2.89    4.35
-100561.999    86.751     1.58    8.22
-100272.436    86.942     0.66   11.91
 -99982.888    86.053    -3.07   12.33
 -99693.353    84.966    -3.75   13.10
 -99403.833    83.014    -6.74   12.88
 -99114.328    79.887   -10.80    7.24
 -98824.836    77.405    -8.58    6.46
 -98535.359    75.024    -8.23    5.52
 -98245.896    72.736    -7.90    5.02
 -97956.447    70.357    -8.22    4.83
 -97667.013    68.241    -7.31    4.08
 -97377.593    66.223    -6.97    3.73
 -97088.187    64.563    -5.74    3.61
 -96798.795    63.071    -5.15    3.61
 -96509.417    61.506    -5.41    3.61
 -96220.054    60.039    -5.07    3.37
 -95930.705    58.328    -5.91    3.14
 -95641.370    56.986    -4.64    3.03
 -95352.050    56.133    -2.95    3.27
 -95062.743    55.313    -2.84    4.38
 -94773.451    54.421    -3.08    4.73
 -94484.173    53.074    -4.66    5.04
 -94194.909    51.584    -5.15    5.33
 -93905.659    50.460    -3.89    5.49
 -93616.424    49.757    -2.43    5.70
 -93327.203    48.916    -2.91    5.20
 -93037.996    47.835    -3.74    3.23
 -92748.803    47.438    -1.37    2.75
 -92459.624    47.402    -0.12    2.94
 -92170.460    47.611     0.72    2.86
 -91881.310    47.872     0.90    2.80
 -91592.174    48.071     0.69    2.77
 -91303.052    48.342     0.94    2.82
 -91013.944    49.268     3.20    3.33
 -90724.850    49.631     1.26    3.46
 -90435.771    49.969     1.17    4.04
 -90146.706    50.084     0.40    3.66
 -89857.655    50.169     0.29    3.72
 -89568.618    50.286     0.40    3.29
 -89279.595    50.239    -0.16    2.80
 -88990.586    50.268     0.10    2.50
 -88701.592    49.825    -1.53    2.07
 -88412.612    49.924     0.34    2.22
 -88123.646    49.656    -0.93    2.37
 -87834.694    49.504    -0.52    2.54
 -87545.756    48.914    -2.04    2.26
 -87256.832    48.210    -2.44    2.62
 -86967.923    47.781    -1.48    2.78
 -86679.027    47.147    -2.19    2.73
 -86390.146    46.521    -2.17    2.88
 -86101.279    46.160    -1.25    3.07
 -85812.426    45.269    -3.09    3.25
 -85523.587    44.686    -2.02    3.21
 -85234.762    44.372    -1.09    3.23
 -84945.951    44.524     0.53    3.56
 -84657.155    44.470    -0.19    3.41
 -84368.372    44.784     1.09    3.55
 -84079.604    45.054     0.94    3.86
 -83790.850    45.534     1.66    4.47
 -83502.109    45.986     1.57    6.13
 -83213.383    45.960    -0.09    6.04
 -82924.671    47.281     4.58    7.31
 -82635.974    48.115     2.89    7.01
 -82347.290    49.284     4.05    6.93
 -82058.620    50.573     4.47    6.11
 -81769.965    51.210     2.21    5.98
 -81481.323    51.546     1.16    5.98
 -81192.696    51.618     0.25    5.99
 -80904.082    51.297    -1.11    6.23
 -80615.483    51.087    -0.73    5.70
 -80326.898    50.813    -0.95    5.84
 -80038.327    50.911     0.34    5.50
 -79749.770    51.401     1.70    5.50
 -79461.227    51.534     0.46    5.22
 -79172.698    51.633     0.34    5.33
 -78884.183    52.148     1.79    5.90
 -78595.682    52.151     0.01    5.87
 -78307.195    51.578    -1.99    5.88
 -78018.723    51.096    -1.67    4.97
 -77730.264    50.798    -1.03    4.83
 -77441.819    50.445    -1.22    4.55
 -77153.389    50.357    -0.31    5.12
 -76864.972    50.948     2.05    5.70
 -76576.570    51.341     1.36    6.05
 -76288.182    51.342     0.00    6.97
 -75999.807    51.403     0.21    6.97
 -75711.447    50.491    -3.16    7.04
 -75423.100    49.327    -4.04    6.75
 -75134.768    48.563    -2.65    6.96
 -74846.450    47.671    -3.10    6.54
 -74558.145    47.842     0.59    7.00
 -74269.855    47.534    -1.07    7.76
 -73981.579    48.726     4.14    7.57
 -73693.317    48.268    -1.59    7.75
 -73405.068    47.880    -1.35    7.30
 -73116.834    47.975     0.33    7.10
 -72828.614    47.566    -1.42    6.34
 -72540.408    47.911     1.20    6.29
 -72252.215    47.044    -3.01    6.99
 -71964.037    48.123     3.74    7.14
 -71675.873    48.751     2.18    7.62
 -71387.723    49.253     1.74    8.10
 -71099.586    48.107    -3.98    8.23
 -70811.464    47.656    -1.57    7.70
 -70523.356    46.957    -2.42    7.67
 -70235.261    45.251    -5.92    7.80
 -69947.181    43.967    -4.46    7.58
 -69659.115    42.312    -5.74    7.40
 -69371.062    40.509    -6.26    6.13
 -69083.024    40.241    -0.93    6.59
 -68794.999    40.225    -0.06    6.47
 -68506.989    39.096    -3.92    5.86
 -68218.992    38.372    -2.51    5.91
 -67931.010    37.760    -2.12    5.95
 -67643.041    37.160    -2.08    5.96
 -67355.086    36.656    -1.75    5.88
 -67067.146    35.651    -3.49    5.10
 -66779.219    34.813    -2.91    4.55
 -66491.306    33.849    -3.35    4.32
 -66203.407    33.039    -2.82    4.41
 -65915.522    31.881    -4.02    3.56
 -65627.651    30.548    -4.63    3.83
 -65339.794    29.372    -4.09    3.98
 -65051.950    28.181    -4.14    4.00
 -64764.121    27.181    -3.47    3.79
 -64476.306    26.100    -3.76    3.82
 -64188.504    25.418    -2.37    4.03
 -63900.717    25.265    -0.53    4.31
 -63612.943    25.163    -0.35    4.72
 -63325.184    24.760    -1.40    4.84
 -63037.438    24.502    -0.90    5.16
 -62749.706    24.313    -0.66    5.28
 -62461.988    24.004    -1.07    5.59
 -62174.284    22.819    -4.12    5.62
 -61886.594    21.994    -2.87    5.95
 -61598.918    20.781    -4.21    5.51
 -61311.255    20.521    -0.90    5.43
 -61023.607    20.460    -0.21    6.22
 -60735.972    20.312    -0.52    6.49
 -60448.351    20.445     0.46    6.57
 -60160.745    20.742     1.03    6.66
 -59873.152    21.236     1.72    6.41
 -59585.573    20.973    -0.92    6.66
 -59298.007    20.630    -1.19    5.90
 -59010.456    20.681     0.18    5.67
 -58722.919    20.736     0.19    5.50
 -58435.395    21.805     3.72    5.74
 -58147.885    23.084     4.45    6.35
 -57860.389    24.933     6.43    6.34
 -57572.907    24.857    -0.26    6.49
 -57285.439    25.266     1.42    5.79
 -56997.985    26.039     2.69    6.08
 -56710.545    26.942     3.14    5.94
 -56423.118    27.509     1.97    5.62
 -56135.705    27.509     0.00    6.79
 -55848.306    27.539     0.11    6.97
 -55560.921    26.918    -2.16    7.30
 -55273.550    26.145    -2.69    7.65
 -54986.193    24.074    -7.21    7.38
 -54698.849    23.387    -2.39    7.56
 -54411.519    22.034    -4.71    6.01
 -54124.203    21.175    -2.99    6.03
 -53836.901    20.280    -3.12    5.98
 -53549.613    19.872    -1.42    6.97
 -53262.339    20.911     3.62    7.43
 -52975.078    20.901    -0.03    8.47
 -52687.831    20.641    -0.91    8.49
 -52400.598    20.828     0.65    8.13
 -52113.379    20.283    -1.90    7.90
 -51826.174    20.100    -0.64    7.14
 -51538.982    19.973    -0.44    6.74
 -51251.804    19.773    -0.70    6.22
 -50964.640    18.820    -3.32    5.37
 -50677.490    18.151    -2.33    4.74
 -50390.354    19.225     3.74    5.42
 -50103.231    19.297     0.25    5.28
 -49816.122    19.784     1.69    5.20
 -49529.027    20.420     2.22    5.05
 -49241.946    21.418     3.48    4.93
 -48954.878    21.419     0.00    4.98
 -48667.825    22.357     3.27    5.31
 -48380.785    23.166     2.82    5.96
 -48093.759    23.715     1.91    6.34
 -47806.743    24.706     3.45    6.90
 -47516.732    26.018     4.53    7.08
 -47226.736    26.084     0.23    6.69
 -46936.754    26.096     0.04    6.96
 -46646.786    26.078    -0.06    6.64
 -46356.833    26.386     1.06    6.64
 -46066.893    26.850     1.60    6.50
 -45776.967    26.554    -1.02    7.78
 -45487.056    27.786     4.25    9.84
 -45197.159    30.766    10.28   13.95
 -44907.275    33.157     8.25   15.91
 -44617.406    37.835    16.14   18.19
 -44327.551    42.471    16.00   20.52
 -44037.710    46.710    14.62   19.89
 -43747.883    50.477    13.00   20.77
 -43458.070    52.696     7.66   19.40
 -43168.271    53.342     2.23   19.35
 -42878.486    55.130     6.17   18.40
 -42588.715    56.431     4.49   18.47
 -42298.958    55.057    -4.74   18.79
 -42009.216    52.166    -9.98   19.78
 -41719.487    49.266   -10.01   21.83
 -41429.772    45.502   -12.99   23.44
 -41140.072    38.710   -23.45   24.88
 -40850.385    32.221   -22.40   23.88
 -40560.713    25.239   -24.10   21.46
 -40271.054    20.521   -16.29   19.50
 -39981.410    14.760   -19.89   16.02
 -39691.780    11.388   -11.64   13.06
 -39402.163     7.728   -12.64    6.63
 -39112.561     6.745    -3.39    4.18
 -38822.973     6.193    -1.91    3.50
 -38533.398     6.460     0.92    4.08
 -38243.838     6.775     1.09    4.54
 -37954.292     7.417     2.22    4.99
 -37664.760     7.619     0.70    5.20
 -37375.241     7.404    -0.74    4.38
 -37085.737     7.054    -1.21    4.34
 -36796.247     7.700     2.23    5.30
 -36506.771     8.078     1.30    5.35
 -36217.309     8.103     0.09    5.47
 -35927.860     8.297     0.67    5.20
 -35638.426     8.619     1.11    5.57
 -35349.006     8.326    -1.01    5.48
 -35059.600     7.813    -1.77    4.83
 -34770.207     7.491    -1.11    4.99
 -34480.829     7.154    -1.17    4.70
 -34191.465     6.775    -1.31    4.05
 -33902.114     6.521    -0.88    3.36
 -33612.778     6.388    -0.46    3.28
 -33323.456     6.726     1.17    3.78
 -33034.147     6.088    -2.20    3.62
 -32744.853     5.745    -1.19    3.61
 -32455.572     5.504    -0.83    3.65
 -32166.306     4.894    -2.11    2.74
 -31877.053     4.820    -0.26    2.37
 -31587.815     4.484    -1.16    1.92
 -31298.590     4.696     0.73    2.09
 -31009.379     4.686    -0.03    1.95
 -30720.182     4.775     0.31    1.92
 -30431.000     4.813     0.13    1.77
 -30141.831     4.850     0.13    1.73
 -29852.676     5.254     1.40    2.18
 -29563.535     5.147    -0.37    1.79
 -29274.408     5.432     0.98    2.25
 -28985.295     5.433     0.00    2.32
 -28696.195     5.460     0.09    2.31
 -28407.110     5.842     1.32    2.84
 -28118.039     5.797    -0.16    2.46
 -27828.981     6.088     1.01    2.98
 -27539.938     5.674    -1.43    2.47
 -27250.908     5.730     0.20    2.65
 -26961.892     5.445    -0.99    2.22
 -26672.890     5.372    -0.25    2.12
 -26383.903     5.431     0.20    2.30
 -26094.929     5.745     1.09    2.42
 -25805.968     5.715    -0.10    2.12
 -25517.022     5.728     0.04    2.31
 -25228.090     5.969     0.83    2.31
 -24939.171     5.984     0.05    2.32
 -24650.267     5.887    -0.34    2.05
 -24361.376     5.835    -0.18    2.00
 -24072.500     5.903     0.23    2.10
 -23783.637     6.281     1.31    2.16
 -23494.788     6.421     0.48    2.07
 -23205.953     6.253    -0.58    1.92
 -22917.131     6.432     0.62    1.94
 -22628.324     6.563     0.45    2.04
 -22339.530     6.611     0.17    2.13
 -22050.751     6.686     0.26    2.18
 -21761.985     6.742     0.19    2.13
 -21473.233     7.449     2.45    2.45
 -21184.495     7.690     0.83    2.51
 -20895.771     7.969     0.96    2.36
 -20607.060     8.151     0.63    2.20
 -20318.364     8.118    -0.11    2.28
 -20029.681     7.578    -1.87    2.36
 -19741.012     7.111    -1.62    2.32
 -19452.357     7.039    -0.25    2.25
 -19163.716     6.554    -1.68    2.08
 -18875.089     6.148    -1.41    1.74
 -18586.475     6.019    -0.45    1.52
 -18297.876     5.969    -0.17    1.57
 -18009.290     5.842    -0.44    1.60
 -17720.718     5.595    -0.86    1.40
 -17432.160     5.615     0.07    1.38
 -17143.615     5.645     0.11    1.32
 -16855.085     5.695     0.17    1.32
 -16566.568     5.725     0.10    1.36
 -16278.065     5.865     0.48    1.46
 -15989.576     6.024     0.55    1.50
 -15701.100     6.099     0.26    1.50
 -15412.639     6.054    -0.16    1.51
 -15124.191     6.145     0.32    1.49
 -14835.757     6.048    -0.34    1.54
 -14547.337     6.212     0.57    1.66
 -14258.931     6.269     0.20    1.71
 -13970.538     6.239    -0.10    1.63
 -13682.160     6.217    -0.08    1.82
 -13393.795     6.238     0.07    1.99
 -13105.443     6.373     0.47    1.99
 -12817.106     6.506     0.46    1.94
 -12528.782     6.607     0.35    1.88
 -12240.473     6.551    -0.19    1.76
 -11952.176     6.916     1.27    1.96
 -11663.894     6.922     0.02    1.92
 -11375.626     7.210     1.00    1.86
 -11087.371     7.388     0.62    1.94
 -10799.130     7.521     0.46    1.97
 -10510.902     7.730     0.72    1.98
 -10222.689     8.029     1.04    2.00
  -9934.489     8.208     0.62    1.81
  -9646.303     8.373     0.57    1.82
  -9358.131     8.506     0.46    1.83
  -9069.972     8.451    -0.19    1.86
  -8781.827     8.463     0.04    1.80
  -8493.696     8.357    -0.37    1.88
  -8205.579     8.387     0.10    1.74
  -7917.476     8.283    -0.36    1.83
  -7629.386     8.280    -0.01    1.68
  -7341.310     8.281     0.00    1.66
  -7053.247     8.262    -0.07    1.65
  -6765.198     8.403     0.49    1.73
  -6477.164     8.539     0.47    1.71
  -6189.142     8.777     0.83    1.62
  -5901.135     8.850     0.25    1.51
  -5613.141     8.849    -0.00    1.66
  -5325.161     8.857     0.03    1.60
  -5037.194     8.951     0.33    1.68
  -4749.242     9.118     0.58    1.71
  -4461.303     9.433     1.09    1.64
  -4173.377     9.431    -0.01    1.63
  -3885.466     9.656     0.78    1.69
  -3597.568    10.080     1.47    1.86
  -3309.684    10.221     0.49    1.86
  -3021.813    10.142    -0.27    2.03
  -2733.956     9.880    -0.91    2.05
  -2446.113     9.766    -0.39    1.96
  -2158.284     9.681    -0.30    1.89
  -1870.468     9.641    -0.14    1.94
  -1582.666     9.671     0.10    2.07
  -1294.877     9.595    -0.26    2.08
  -1007.102     8.190    -4.88    3.83
   -719.341     6.387    -6.27    5.06
   -431.594     5.283    -3.84    5.11
   -143.860     5.078    -0.71    5.12
    143.860     4.581    -1.73    5.68
    431.567     6.327     6.07   12.42
    719.259     8.439     7.34   17.48
   1006.939    16.281    27.26   32.55
   1294.604    19.496    11.17   33.85
   1582.256    24.775    18.35   36.48
   1869.894    27.586     9.77   35.37
   2157.519    33.342    20.01   37.20
   2445.130    38.210    16.92   40.77
   2732.727    44.563    22.09   44.03
   3020.311    50.504    20.66   46.40
   3307.881    48.188    -8.05   43.49
   3595.437    48.372     0.64   42.56
   3882.980    48.402     0.10   42.39
   4170.509    51.225     9.82   43.76
   4458.025    50.671    -1.93   44.67
   4745.527    51.357     2.39   46.24
   5033.015    55.475    14.32   50.41
   5320.490    57.748     7.91   51.96
   5607.951    56.494    -4.36   53.17
   5895.399    57.675     4.11   54.07
   6182.833    60.695    10.51   54.31
   6470.253    61.521     2.87   54.34
   6757.660    62.034     1.78   53.23
   7045.053    68.448    22.32   52.35
   7332.432    75.551    24.72   52.11
   7619.798    86.842    39.29   51.95
   7907.150    95.924    31.61   48.41
   8194.489   107.931    41.78   44.69
   8481.814   117.225    32.35   38.06
   8769.126   128.973    40.89   28.98
   9056.424   137.600    30.03   17.21
   9343.709   141.107    12.21   10.53
   9630.979   144.284    11.06    7.45
   9918.237   147.148     9.97    5.88
  10205.480   149.239     7.28    4.90
  10492.711   150.372     3.94    3.62
  10779.927   150.004    -1.28    4.19
  11067.130   149.342    -2.31    4.87
  11354.320   147.903    -5.01    6.17
  11641.496   146.297    -5.59    6.88
  11928.658   142.432   -13.46   10.74
  12215.807   138.284   -14.45   12.84
  12502.942   135.760    -8.79   13.42
  12790.064   133.933    -6.36   14.84
  13077.172   130.067   -13.47   16.77
  13364.267   125.903   -14.50   19.10
  13651.348   122.557   -11.65   19.31
  13938.416   123.447     3.10   18.66
  14225.470   126.284     9.88   17.17
  14514.056   129.327    10.55   15.51
  14804.048   132.100     9.56   14.80
  15094.026   135.248    10.86   15.29
  15383.991   142.054    23.47   12.00
  15673.941   145.664    12.45    9.92
  15963.878   149.942    14.76    9.05
  16253.801   151.372     4.93    8.12
  16543.710   151.686     1.08    7.32
  16833.605   150.945    -2.55    7.03
  17123.487   148.599    -8.09    7.31
  17413.354   145.960    -9.10    7.82
  17703.208   143.496    -8.50    7.44
  17993.048   142.088    -4.85    7.82
  18282.874   140.462    -5.61    8.32
  18572.686   139.221    -4.28    8.19
  18862.485   133.203   -20.76   25.40
  19152.269   125.976   -24.94   38.48
  19442.040   114.909   -38.19   48.63
  19731.797    98.494   -56.65   56.64
  20021.540    83.489   -51.78   60.49
  20311.270    70.130   -46.11   59.37
  20600.986    56.894   -45.68   57.52
  20890.687    45.526   -39.24   53.06
  21180.375    34.130   -39.34   45.95
  21470.050    27.157   -24.07   40.32
  21759.710    19.417   -26.72   33.43
  22049.357    12.460   -24.02   23.67
  22338.990     9.894    -8.86   19.84
  22628.609     5.494   -15.20    4.38
  22918.214     5.938     1.53    3.72
  23207.806     6.524     2.02    3.83
  23497.384     7.526     3.46    3.58
  23786.948     8.266     2.56    2.97
  24076.498     9.137     3.01    1.51
  24366.034     9.447     1.07    1.68
  24655.557     9.948     1.73    1.93
  24945.066    10.164     0.74    2.07
  25234.561     9.984    -0.62    1.91
  25524.043     9.496    -1.69    2.95
  25813.511     8.769    -2.51    3.75
  26102.965     7.820    -3.28    4.12
  26392.405     7.024    -2.75    4.18
  26681.831     6.465    -1.93    4.45
  26971.244     6.099    -1.26    4.68
  27260.643     6.163     0.22    4.54
  27550.028     6.462     1.03    4.56
  27839.400     6.328    -0.46    4.37
  28128.758     6.509     0.63    4.13
  28418.102     7.088     2.00    4.25
  28707.432     8.203     3.85    3.76
  28996.749     9.372     4.04    3.08
  29286.052    10.588     4.20    2.26
  29575.341    11.462     3.02    2.70
  29864.616    12.225     2.64    2.79
  30153.878    13.029     2.78    3.06
  30443.126    13.534     1.75    3.09
  30732.361    13.897     1.26    3.08
  31021.581    13.766    -0.45    3.23
  31310.788    13.645    -0.42    3.16
  31599.982    13.034    -2.11    3.05
  31889.161    12.563    -1.63    2.84
  32178.327    12.223    -1.18    2.32
  32467.479    11.700    -1.81    1.81
  32756.618    11.685    -0.05    1.71
  33045.743    11.751     0.23    1.61
  33334.854    11.819     0.23    1.64
  33623.951    11.656    -0.56    1.47
  33913.035    11.557    -0.34    1.40
  34202.105    11.475    -0.28    1.37
  34491.162    11.297    -0.62    1.21
  34780.204    11.324     0.10    1.18
  35069.234    11.342     0.06    1.22
  35358.249    11.126    -0.75    1.21
  35647.251    11.118    -0.03    1.21
  35936.239    11.268     0.52    1.23
  36225.213    11.014    -0.88    1.23
  36514.174    11.003    -0.04    1.28
  36803.122    11.087     0.29    1.35
  37092.055    11.297     0.73    1.42
  37380.975    11.417     0.41    1.30
  37669.881    11.534     0.40    1.20
  37958.774    11.600     0.23    1.34
  38247.653    11.715     0.40    1.52
  38536.518    11.763     0.17    1.55
  38825.370    11.524    -0.83    1.56
  39114.208    11.542     0.06    1.67
  39403.033    11.656     0.39    1.66
  39691.843    11.887     0.80    1.66
  39980.641    11.909     0.08    1.63
  40269.424    11.903    -0.02    1.43
  40558.194    12.131     0.79    1.30
  40846.951    12.266     0.47    1.27
  41135.693    12.513     0.86    1.30
  41424.423    12.357    -0.54    1.44
  41713.138    12.502     0.50    1.47
  42001.840    12.887     1.33    1.82
  42290.528    13.578     2.39    2.51
  42579.203    14.405     2.86    3.11
  42867.864    15.504     3.81    4.35
  43156.512    17.326     6.31    5.67
  43445.146    18.924     5.54    6.37
  43733.766    20.954     7.03    6.90
  44022.373    22.954     6.93    6.95
  44310.967    24.894     6.72    6.90
  44599.546    26.548     5.73    5.89
  44888.112    27.551     3.48    5.72
  45176.665    29.096     5.35    5.89
  45465.204    29.978     3.06    6.42
  45753.729    31.203     4.25    6.93
  46042.241    31.611     1.41    7.02
  46330.739    32.248     2.21    7.16
  46619.224    33.296     3.63    6.84
  46907.695    33.630     1.16    6.14
  47196.153    34.154     1.82    5.52
  47484.597    35.281     3.91    5.59
  47773.027    37.480     7.62    6.62
  48061.444    41.236    13.02    7.91
  48349.848    45.649    15.30   10.68
  48638.238    51.872    21.58   12.88
  48926.614    57.942    21.05   14.51
  49214.977    65.039    24.61   16.48
  49503.326    78.357    46.19   24.41
  49791.662    96.496    62.90   37.27
  50079.984   115.872    67.20   44.04
  50368.293   131.511    54.24   44.15
  50656.588   151.044    67.75   40.03
  50944.869   165.341    49.59   32.17
  51233.138   178.074    44.17   24.56
  51521.392   182.671    15.95   20.77
  51809.633   185.931    11.31   18.24
  52097.861   185.999     0.24   16.93
  52386.075   187.435     4.98   14.59
  52674.275   188.645     4.20   12.87
  52962.463   187.131    -5.25   11.85
  53250.636   185.842    -4.47   10.82
  53538.796   182.939   -10.07   11.05
  53826.943   180.122    -9.78   10.07
  54115.076   177.475    -9.19    9.89
  54403.196   174.342   -10.87    9.19
  54691.302   172.463    -6.52    8.30
  54979.394   171.071    -4.83    7.42
  55267.473   171.475     1.40    8.04
  55555.539   173.342     6.48    8.21
  55843.591   176.504    10.98    8.49
  56131.630   179.133     9.13    9.29
  56419.655   182.039    10.09    9.10
  56707.667   183.126     3.78    8.32
  56995.665   183.603     1.66    7.53
  57283.650   183.418    -0.64    7.35
  57571.622   181.939    -5.13    8.21
  57859.580   179.504    -8.46    7.81
  58147.524   176.939    -8.91    7.45
  58435.455   175.686    -4.35    7.24
  58723.373   175.470    -0.75    6.76
  59011.277   175.630     0.56    6.36
  59299.168   176.373     2.58    6.35
  59587.045   177.999     5.65    6.22
  59874.909   178.786     2.73    6.42
  60162.759   180.387     5.56    6.46
  60450.596   181.916     5.31    6.17
  60738.420   182.760     2.93    5.30
  61026.230   184.034     4.42    4.71
  61314.027   185.434     4.87    4.34
  61601.810   186.357     3.21    4.15
  61889.580   187.312     3.32    3.79
  62177.336   187.924     2.13    3.46
  62465.079   189.014     3.79    3.35
  62752.809   189.944     3.23    3.24
  63040.525   190.372     1.49    3.49
  63328.228   191.049     2.35    3.61
  63615.917   191.797     2.60    4.02
  63903.593   192.649     2.96    4.10
  64191.255   193.715     3.71    4.15
  64478.905   194.418     2.44    4.19
  64766.540   195.896     5.14    4.04
  65054.163   196.812     3.18    3.94
  65341.772   198.183     4.77    5.12
  65629.367   199.715     5.33    6.94
  65916.950   200.933     4.23    7.64
  66204.518   202.372     5.00    8.24
  66492.074   204.619     7.81   10.66
  66779.616   206.402     6.20   11.12
  67067.145   207.071     2.33   10.58
  67354.660   208.096     3.56   10.76
  67642.162   208.700     2.10   10.58
  67929.651   208.894     0.67    9.88
  68217.126   209.715     2.86    8.89
  68504.588   209.630    -0.30    7.67
  68792.036   211.835     7.67    8.78
  69079.471   212.107     0.95    8.24
  69366.893   213.790     5.85    9.05
  69654.302   215.615     6.35    8.80
  69941.697   217.313     5.91    8.85
  70229.079   218.760     5.04    8.42
  70516.447   219.433     2.34    7.58
  70803.802   219.711     0.97    6.55
  71091.144   219.599    -0.39    5.44
  71378.472   218.865    -2.56    5.16
  71665.787   218.403    -1.61    4.44
  71953.089   217.148    -4.37    4.25
  72240.378   215.706    -5.02    4.22
  72527.653   214.551    -4.02    3.57
  72814.914   214.373    -0.62    3.44
  73102.163   215.203     2.89    5.12
  73389.398   216.175     3.38    6.85
  73676.620   217.701     5.31    8.17
  73963.828   218.478     2.71    8.13
  74251.024   219.419     3.27    7.64
  74538.206   219.706     1.00    7.34
  74825.374   219.973     0.93    7.43
  75112.529   218.751    -4.25    6.68
  75399.671   217.560    -4.15    6.08
  75686.800   216.403    -4.03    5.34
  75973.916   214.819    -5.52    5.28
  76261.018   212.721    -7.31    5.43
  76548.254   211.208    -5.27    5.15
  76838.236   210.326    -3.04    5.13
  77128.205   209.223    -3.81    5.33
  77418.160   208.422    -2.76    4.65
  77708.101   208.063    -1.24    4.26
  77998.028   207.999    -0.22    4.11
  78287.942   208.563     1.95    4.53
  78577.843   208.766     0.70    4.65
  78867.730   210.008     4.28    5.63
  79157.603   211.357     4.65    7.61
  79447.462   212.744     4.79    8.71
  79737.309   214.221     5.09    9.77
  80027.141   215.478     4.34    9.81
  80316.960   215.969     1.69    9.64
  80606.765   216.175     0.71    9.28
  80896.557   215.926    -0.86    8.56
  81186.336   215.706    -0.76    7.18
  81476.100   215.498    -0.72    6.23
  81765.851   215.462    -0.12    5.79
  82055.589   216.049     2.03    5.63
  82345.313   215.827    -0.77    4.86
  82635.024   216.111     0.98    4.47
  82924.720   216.984     3.01    4.71
  83214.404   217.502     1.79    4.52
  83504.074   218.477     3.36    5.42
  83793.730   219.730     4.33    5.71
  84083.373   220.835     3.81    7.17
  84373.002   221.130     1.02    8.74
  84662.618   220.518    -2.11    9.00
  84952.220   219.554    -3.33    8.96
  85241.809   217.326    -7.69    7.73
  85531.384   215.857    -5.07    5.92
  85820.946   214.236    -5.60    4.98
  86110.494   212.536    -5.87    4.76
  86400.028   211.736    -2.76    4.33
  86689.549   211.803     0.23    3.51
  86979.057   212.206     1.39    3.80
  87268.551   213.040     2.88    3.67
  87558.032   214.206     4.03    3.87
  87847.499   215.480     4.40    4.27
  88136.952   217.630     7.43    5.00
  88426.392   219.249     5.60    6.11
  88715.819   221.024     6.13    6.36
  89005.232   222.198     4.06    5.90
  89294.632   223.611     4.88    5.67
  89584.018   224.584     3.36    5.30
  89873.390   225.924     4.63    5.33
  90162.750   227.999     7.17    6.27
  90452.095   229.228     4.25    6.76
  90741.427   230.715     5.14    6.34
  91030.746   232.170     5.03    5.84
  91320.051   233.706     5.31    5.53
  91609.343   234.948     4.29    5.52
  91898.622   236.342     4.82    5.54
  92187.886   237.188     2.92    5.83
  92477.138   239.188     6.91    6.75
  92766.376   241.145     6.77    7.43
  93055.600   243.325     7.54    7.35
  93344.811   245.251     6.66    6.90
  93634.009   247.711     8.51    6.11
  93923.193   249.433     5.95    5.41
  94212.364   250.342     3.14    4.97
  94501.521   251.433     3.77    4.04
  94790.665   252.214     2.70    3.54
  95079.795   252.418     0.70    3.51
  95368.912   253.044     2.16    3.76
  95658.016   253.686     2.22    3.89
  95947.106   255.069     4.79    4.79
  96236.183   255.249     0.62    5.02
  96525.246   254.901    -1.20    5.54
  96814.296   254.373    -1.83    6.37
  97103.332   253.775    -2.07    6.83
  97392.355   252.706    -3.70    7.65
  97681.365   251.078    -5.63    7.04
  97970.361   249.978    -3.80    6.48
  98259.344   248.857    -3.88    6.15
  98548.313   248.766    -0.31    5.52
  98837.269   249.631     2.99    5.71
  99126.212   250.494     2.98    4.97
  99415.141   250.130    -1.26    4.98
  99704.057   248.769    -4.71    5.38
  99992.959   247.478    -4.47    5.78
 100281.848   245.557    -6.65    6.13
 100570.724   243.685    -6.48    5.48
 100859.586   242.049    -5.66    4.94
 101148.435   240.511    -5.33    4.85
 101437.270   238.887    -5.62    5.08
 101726.092   238.327    -1.94    5.17
 102014.901   238.126    -0.69    5.78
 102303.696   238.069    -0.20    6.05
 102592.478   237.931    -0.48    6.38
 102881.247   238.387     1.58    7.20
 103170.002   239.820     4.96    7.70
 103458.744   241.166     4.66    8.37
 103747.473   243.872     9.37    9.05
 104036.188   247.029    10.93    9.22
 104324.890   248.554     5.28    8.15
 104613.578   248.857     1.05    7.66
 104902.253   248.524    -1.15    7.32
 105190.915   248.223    -1.04    7.27
 105479.564   247.813    -1.42    7.35
 105768.199   247.924     0.39    7.38
 106056.821   247.342    -2.02    6.45
 106345.429   247.680     1.17    6.25
 106634.024   249.219     5.33    5.66
 106922.606   249.118    -0.35    5.48
 107211.174   248.781    -1.17    5.68
 107499.730   249.401     2.15    6.19
 107788.271   250.462     3.67    7.22
 108076.800   252.918     8.51    7.05
 108365.315   254.308     4.82    7.27
 108653.817   257.024     9.41    7.09
 108942.305   259.126     7.29    7.11
 109230.781   262.581    11.97    8.26
 109519.243   264.872     7.94    8.33
 109807.691   267.494     9.09    8.74
 110096.127   269.542     7.10    8.21
 110384.549   270.131     2.04    8.08
 110672.957   270.790     2.28    7.48
 110961.353   273.088     7.97    8.72
 111249.735   274.835     6.05    9.82
 111538.104   276.403     5.44   10.64
 111826.459   279.872    12.03   11.47
 112114.802   282.685     9.75   10.25
 112403.131   284.251     5.43    8.87
 112691.447   284.680     1.49    8.43
 112979.749   284.721     0.14    7.61
 113268.038   285.725     3.48    7.55
 113556.314   286.775     3.64    7.62
 113844.577   288.251     5.12    8.52
 114132.826   291.712    12.01    9.22
 114421.062   295.448    12.96   10.35
 114709.285   299.115    12.72    9.77
 114997.495   302.511    11.78    8.74
 115285.691   305.462    10.24    7.51
 115573.874   308.103     9.17    6.62
 115862.044   310.014     6.63    4.98
 116150.201   311.422     4.89    4.30
 116438.344   312.721     4.51    5.11
 116726.474   313.942     4.24    5.03
 117014.591   314.357     1.44    5.55
 117302.695   314.711     1.23    5.92
 117590.785   314.690    -0.07    5.95
 117878.863   314.173    -1.80    6.23
 118166.927   313.049    -3.90    5.83
 118454.977   311.994    -3.67    5.76
 118743.015   310.960    -3.59    5.72
 119031.039   309.630    -4.62    4.92
 119319.050   309.142    -1.69    4.70
 119607.048   309.297     0.54    4.62
 119895.033   309.973     2.35    5.32
 120183.004   311.342     4.76    5.26
 120470.962   312.595     4.35    5.66
 120758.907   315.084     8.64    5.97
 121046.839   317.569     8.63    5.97
 121334.758   320.805    11.24    6.67
 121622.663   323.327     8.76    7.57
 121910.555   327.185    13.40   10.44
 122198.434   330.418    11.23   11.43
 122486.300   333.603    11.06   11.93
 122774.153   337.019    11.86   11.51
 123061.992   339.327     8.02   10.45
 123349.819   341.225     6.59    8.96
 123637.632   342.221     3.46    8.33
 123925.432   344.432     7.68    6.68
 124213.219   346.788     8.19    5.72
 124500.992   347.849     3.69    5.50
 124788.753   348.933     3.77    4.75
 125076.500   349.417     1.68    3.85
 125364.234   349.431     0.05    3.97
 125651.955   349.118    -1.09    3.97
 125939.663   348.190    -3.22    3.88
 126227.357   347.373    -2.84    3.44
 126515.039   346.615    -2.64    3.14
 126802.707   345.763    -2.96    2.66
 127090.362   344.903    -2.99    3.35
 127378.004   344.372    -1.84    3.80
 127665.633   343.312    -3.69    4.19
 127953.249   342.328    -3.42    4.56
 128240.851   341.002    -4.61    4.75
 128528.441   340.133    -3.02    4.21
 128816.017   339.542    -2.06    4.10
 129103.580   339.736     0.68    4.50
 129391.130   340.024     1.00    4.66
 129678.667   340.536     1.78    4.83
 129966.191   340.757     0.77    4.71
 130253.701   340.434    -1.12    4.53
 130541.199   340.100    -1.16    4.48
 130828.683   339.422    -2.36    4.57
 131116.155   338.933    -1.70    4.40
 131403.613   338.696    -0.83    4.14
 131691.058   338.739     0.15    3.69
 131978.490   339.126     1.35    3.28
 132265.909   339.736     2.12    2.97
 132553.315   339.738     0.01    2.52
 132840.707   340.280     1.89    2.82
 133128.087   340.766     1.69    3.49
 133415.453   342.118     4.70    4.51
 133702.807   343.059     3.27    4.78
 133990.147   343.872     2.83    4.56
 134277.474   343.760    -0.39    4.07
 134564.789   344.140     1.32    3.91
 134852.090   343.630    -1.78    4.58
 135139.378   342.536    -3.81    5.00
 135426.653   341.387    -4.00    5.18
 135713.914   339.948    -5.01    5.89
 136001.163   338.266    -5.85    6.58
 136288.399   336.880    -4.82    6.60
 136575.621   336.310    -1.98    6.74
 136862.831   335.942    -1.28    6.73
 137150.027   336.645     2.45    6.58
 137437.211   337.004     1.25    5.99
 137724.381   338.696     5.89    5.11
 138011.539   339.842     3.99    3.99
 138298.683   339.744    -0.34    3.56
 138585.814   339.039    -2.46    3.57
 138874.604   338.738    -1.04    3.44
 139164.565   338.478    -0.90    3.66
 139454.512   338.221    -0.89    3.69
 139744.446   337.978    -0.84    4.24
 140034.367   337.760    -0.75    4.01
 140324.275   337.002    -2.61    4.42
 140614.169   337.208     0.71    4.84
 140904.050   337.573     1.26    5.21
 141193.918   338.433     2.97    5.47
 141483.772   338.911     1.65    5.57
 141773.613   340.206     4.47    5.06
 142063.440   341.748     5.32    3.80
 142353.255   342.100     1.21    3.07
 142643.056   340.803    -4.47    4.43
 142932.843   337.696   -10.72    7.26
 143222.618   333.721   -13.72    9.49
 143512.379   329.160   -15.74   10.26
 143802.126   324.494   -16.10    9.62
 144091.861   320.119   -15.10    7.74
 144381.582   316.903   -11.10    5.18
 144671.290   314.922    -6.84    3.10
 144960.984   314.157    -2.64    2.41
 145250.666   314.268     0.38    2.48
 145540.333   314.994     2.51    3.09
 145829.988   316.478     5.13    3.65
 146119.630   317.976     5.17    3.99
 146409.258   319.569     5.50    4.13
 146698.872   321.619     7.08    3.97
 146988.474   323.221     5.53    4.29
 147278.062   324.711     5.15    4.64
 147567.637   326.009     4.48    5.04
 147857.199   327.567     5.38    5.93
 148146.747   329.145     5.45    7.21
 148436.283   330.701     5.37    7.94
 148725.805   332.130     4.94    8.33
 149015.313   332.736     2.09    8.28
 149304.809   333.372     2.20    7.40
 149594.291   333.327    -0.16    6.75
 149883.760   332.986    -1.18    5.65
 150173.215   332.700    -0.99    4.99
 150462.658   332.034    -2.30    4.77
 150752.087   331.448    -2.02    4.37
 151041.503   331.080    -1.27    4.01
 151330.906   330.448    -2.18    4.15
 151620.295   329.342    -3.82    4.63
 151909.671   328.357    -3.40    4.90
 152199.034   327.096    -4.36    5.23
 152488.384   325.726    -4.73    5.52
 152777.721   323.736    -6.88    5.92
 153067.044   322.130    -5.55    6.11
 153356.354   320.297    -6.34    6.24
 153645.651   317.922    -8.21    6.44
 153934.935   315.690    -7.71    7.19
 154224.205   314.470    -4.22    8.13
 154513.462   313.711    -2.62    9.41
 154802.706   313.327    -1.33   10.04
 155091.937   312.448    -3.04   10.58
 155381.155   313.029     2.01   11.08
 155670.359   312.680    -1.21   11.35
 155959.550   312.145    -1.85   11.18
 156248.729   311.588    -1.93   10.50
 156537.893   311.630     0.15   10.03
 156827.045   312.649     3.53    8.33
 157116.183   311.857    -2.74    7.20
 157405.309   310.611    -4.31    6.36
 157694.421   311.175     1.95    5.60
 157983.520   311.896     2.49    4.66
 158272.606   312.973     3.72    4.16
 158561.678   313.266     1.02    4.75
 158850.738   313.069    -0.68    4.96
 159139.784   312.736    -1.15    5.38
 159428.817   313.405     2.31    6.09
 159717.837   313.313    -0.32    7.52
 160006.844   314.647     4.62    6.61
 160295.837   314.084    -1.95    7.15
 160584.818   313.342    -2.57    7.20
 160873.785   312.865    -1.65    8.04
 161162.739   311.649    -4.20    8.63
 161451.680   309.201    -8.47    9.62
 161740.608   305.933   -11.31   11.67
 162029.522   303.087    -9.85   11.96
 162318.424   299.630   -11.97   12.29
 162607.312   297.896    -6.00   11.40
 162896.188   295.009    -9.99   10.48
 163185.050   292.326    -9.28   10.46
 163473.899   288.630   -12.80   11.50
 163762.735   286.664    -6.81   11.46
 164051.557   283.700   -10.26   11.26
 164340.367   281.190    -8.69   10.35
 164629.164   278.730    -8.52    9.42
 164917.947   278.296    -1.50    8.43
 165206.717   277.793    -1.74    8.00
 165495.474   278.827     3.58    8.32
 165784.218   278.986     0.55    8.25
 166072.949   276.887    -7.27    9.25
 166361.667   275.751    -3.94    9.45
 166650.372   274.656    -3.79    9.98
 166939.064   273.766    -3.08    9.99
 167227.742   271.757    -6.96    9.37
 167516.408   270.834    -3.20    9.23
 167805.060   270.217    -2.14    8.92
 168093.699   269.496    -2.50    8.42
 168382.325   268.039    -5.05    7.60
 168670.939   266.690    -4.67    6.27
 168959.539   266.203    -1.69    5.53
 169248.125   265.766    -1.51    4.91
 169536.699   265.774     0.03    5.25
 169825.260   266.065     1.01    6.03
 170113.808   266.850     2.72    6.55
 170402.342   267.107     0.89    6.48
 170690.864   267.100    -0.03    6.14
 170979.373   267.357     0.89    5.82
 171267.868   267.812     1.58    5.41
 171556.350   268.373     1.95    5.37
 171844.820   269.596     4.24    6.79
 172133.276   271.163     5.43    7.72
 172421.719   272.462     4.50    8.16
 172710.149   273.014     1.91    8.01
 172998.566   273.342     1.14    8.40
 173286.971   273.292    -0.17    7.96
 173575.362   272.175    -3.87    7.09
 173863.740   270.967    -4.19    5.65
 174152.105   268.797    -7.52    5.55
 174440.456   267.084    -5.94    4.86
 174728.795   265.126    -6.79    3.92
 175017.121   263.834    -4.48    3.09
 175305.434   263.099    -2.55    2.60
 175593.734   262.312    -2.73    2.80
 175882.021   261.387    -3.21    2.80
 176170.294   260.754    -2.19    2.91
 176458.555   260.403    -1.22    2.74
 176746.803   260.160    -0.84    2.50
 177035.038   259.793    -1.27    2.13
 177323.259   259.312    -1.67    2.02
 177611.468   259.142    -0.59    1.98
 177899.664   258.797    -1.20    2.29
 178187.847   258.195    -2.09    2.55
 178476.016   257.539    -2.28    2.41
 178764.173   257.145    -1.37    2.36
 179052.317   256.728    -1.45    2.38
 179340.447   256.312    -1.44    2.23
 179628.565   256.056    -0.89    2.16
 179916.670   256.069     0.05    2.36
 180204.762   256.221     0.53    2.34
 180492.840   255.954    -0.93    2.39
 180780.906   256.203     0.86    2.73
 181068.959   256.185    -0.06    2.71
 181356.999   256.448     0.91    2.88
 181645.026   256.849     1.39    2.78
 181933.040   257.115     0.92    2.81
 182221.041   257.942     2.87    3.54
 182509.029   258.312     1.28    3.21
 182797.004   258.249    -0.22    2.92
 183084.966   258.387     0.48    2.87
 183372.915   258.680     1.01    3.01
 183660.851   259.221     1.88    3.13
 183948.774   260.387     4.05    3.67
 184236.684   261.137     2.60    3.67
 184524.582   262.312     4.08    3.68
 184812.466   263.357     3.63    3.47
 185100.338   264.160     2.79    3.14
 185388.196   264.341     0.63    2.80
 185676.042   264.160    -0.63    2.63
 185963.874   263.820    -1.18    2.34
 186251.694   263.975     0.54    2.43
 186539.501   264.208     0.81    2.36
 186827.294   264.266     0.20    2.28
 187115.075   264.389     0.43    2.21
 187402.843   264.511     0.42    2.14
 187690.598   264.634     0.43    2.51
 187978.341   264.834     0.69    2.45
 188266.070   265.460     2.18    2.58
 188553.786   266.029     1.98    2.58
 188841.490   266.584     1.93    2.59
 189129.180   266.957     1.30    3.01
 189416.858   267.387     1.50    3.26
 189704.522   268.265     3.05    3.66
 189992.174   269.418     4.01    4.52
 190279.813   270.069     2.26    4.71
 190567.439   270.696     2.18    4.93
 190855.052   271.638     3.28    4.84
 191142.652   273.029     4.83    4.15
 191430.240   273.819     2.75    3.73
 191717.814   274.295     1.65    3.58
 192005.376   274.524     0.80    3.00
 192292.924   274.649     0.44    3.05
 192580.460   274.766     0.41    3.29
 192867.983   274.742    -0.09    3.52
 193155.493   274.781     0.14    3.70
 193442.990   275.002     0.77    3.73
 193730.475   275.163     0.56    3.87
 194017.946   275.849     2.39    4.03
 194305.405   276.566     2.49    3.97
 194592.851   277.188     2.16    3.78
 194880.284   277.310     0.42    3.67
 195167.704   277.281    -0.10    3.64
 195455.111   277.260    -0.07    3.44
 195742.505   277.024    -0.82    3.13
 196029.887   276.835    -0.66    2.63
 196317.255   276.835     0.00    2.38
 196604.611   276.909     0.26    1.96
 196891.954   277.433     1.82    2.01
 197179.284   277.754     1.12    1.91
 197466.601   278.357     2.10    2.19
 197753.906   279.154     2.77    2.55
 198041.198   279.994     2.92    2.77
 198328.476   280.524     1.85    2.78
 198615.742   281.163     2.23    2.47
 198902.995   281.675     1.78    2.25
 199190.236   282.210     1.86    1.90
 199477.463   282.433     0.78    2.02
 199764.678   282.542     0.38    2.07
 200051.880   283.009     1.63    2.28
 200339.069   283.726     2.50    2.33
 200626.245   284.111     1.34    2.17
 200913.764   284.516     1.41    1.85
 201203.710   284.296    -0.76    1.98
 201493.643   283.711    -2.02    2.46
 201783.563   282.717    -3.43    2.82
 202073.470   281.403    -4.53    3.06
 202363.364   280.387    -3.50    2.73
 202653.245   279.690    -2.40    2.54
 202943.113   279.056    -2.19    2.28
 203232.968   278.645    -1.42    2.06
 203522.809   278.680     0.12    1.96
 203812.638   278.524    -0.54    1.78
 204102.453   278.994     1.62    1.98
 204392.256   279.266     0.94    1.90
 204682.045   279.545     0.96    2.14
 204971.822   280.295     2.59    2.31
 205261.585   280.911     2.13    2.26
 205551.335   281.188     0.96    2.21
 205841.072   281.781     2.05    2.04
 206130.796   282.297     1.78    2.01
 206420.507   282.948     2.25    2.02
 206710.205   284.002     3.64    2.66
 206999.890   285.903     6.56    4.48
 207289.562   288.051     7.41    5.63
 207579.221   289.857     6.24    5.22
 207868.867   290.690     2.88    4.79
 208158.500   291.130     1.52    3.98
 208448.119   291.280     0.52    3.66
 208737.726   291.008    -0.94    3.51
 209027.320   290.615    -1.36    2.94
 209316.901   290.373    -0.84    2.08
 209606.468   291.100     2.51    2.34
 209896.023   291.542     1.53    2.38
 210185.565   292.357     2.82    2.52
 210475.093   292.938     2.01    2.33
 210764.609   293.872     3.23    2.87
 211054.112   294.615     2.57    2.94
 211343.601   295.973     4.69    3.01
 211633.078   296.506     1.84    2.84
 211922.541   296.872     1.26    2.52
 212211.992   296.790    -0.28    2.37
 212501.430   296.659    -0.45    2.46
 212790.854   296.539    -0.41    2.35
 213080.266   296.310    -0.79    2.10
 213369.665   296.236    -0.26    1.68
 213659.050   296.265     0.10    1.51
 213948.423   296.372     0.37    1.56
 214237.783   296.406     0.11    1.41
 214527.129   296.509     0.36    1.54
 214816.463   296.631     0.42    1.54
 215105.784   297.003     1.29    1.96
 215395.092   297.418     1.43    2.20
 215684.387   297.887     1.62    2.33
 215973.669   298.402     1.78    2.41
 216262.938   298.728     1.13    2.36
 216552.193   299.221     1.70    2.23
 216841.436   299.342     0.42    2.12
 217130.667   299.297    -0.16    2.15
 217419.884   299.496     0.69    2.15
 217709.088   299.842     1.20    2.19
 217998.279   300.008     0.57    2.16
 218287.457   300.145     0.47    1.92
 218576.623   300.389     0.84    1.83
 218865.775   300.509     0.41    1.76
 219154.915   300.645     0.47    1.87
 219444.041   301.133     1.69    2.01
 219733.155   301.342     0.72    2.22
 220022.255   301.389     0.16    2.19
 220311.343   301.963     1.98    2.25
 220600.418   302.119     0.54    2.26
 220889.480   302.312     0.67    2.19
 221178.529   302.480     0.58    2.17
 221467.565   302.805     1.12    2.08
 221756.588   302.998     0.67    2.05
 222045.598   303.145     0.51    1.97
 222334.595   303.357     0.73    1.85
 222623.580   303.467     0.38    1.94
 222912.551   303.660     0.67    1.87
 223201.510   303.539    -0.42    1.52
 223490.456   303.623     0.29    1.46
 223779.388   303.680     0.20    1.32
 224068.308   303.433    -0.85    1.34
 224357.215   303.276    -0.54    1.33
 224646.110   303.312     0.12    1.54
 224934.991   303.433     0.42    1.70
 225223.859   303.924     1.70    1.88
 225512.715   304.403     1.66    2.47
 225801.557   305.019     2.13    2.46
 226090.387   305.389     1.28    2.33
 226379.204   305.795     1.40    2.22
 226668.008   306.013     0.76    2.47
 226956.799   306.494     1.66    2.82
 227245.577   307.034     1.87    3.09
 227534.343   306.857    -0.61    2.46
 227823.095   307.403     1.89    3.21
 228111.835   307.340    -0.22    2.17
 228400.562   307.948     2.10    2.22
 228689.276   308.566     2.14    1.95
 228977.977   309.210     2.23    2.02
 229266.665   309.939     2.53    2.14
 229555.340   311.142     4.16    2.15
 229844.003   311.944     2.78    2.08
 230132.653   312.795     2.94    2.47
 230421.290   313.903     3.84    2.99
 230709.914   315.206     4.51    3.48
 230998.525   316.548     4.65    3.99
 231287.123   317.736     4.11    3.88
 231575.709   318.973     4.28    3.79
 231864.281   320.074     3.82    3.71
 232152.841   320.887     2.82    3.82
 232441.388   322.536     5.71    4.44
 232729.923   323.506     3.36    4.61
 233018.444   324.569     3.68    4.89
 233306.953   325.850     4.44    5.32
 233595.449   326.643     2.75    5.42
 233883.932   327.249     2.10    6.31
 234172.402   326.766    -1.67    5.56
 234460.859   326.387    -1.31    4.03
 234749.304   327.092     2.44    4.39
 235037.736   327.775     2.37    4.52
 235326.155   328.880     3.83    4.70
 235614.561   330.324     5.01    4.72
 235902.954   332.054     6.00    5.00
 236191.335   334.188     7.40    5.44
 236479.703   336.190     6.94    5.85
 236768.058   338.478     7.93    6.58
 237056.400   340.188     5.93    6.55
 237344.730   342.260     7.19    7.36
 237633.046   343.660     4.85    8.31
 237921.350   344.711     3.64    8.63
 238209.641   346.034     4.59    9.32
 238497.920   347.266     4.27    8.73
 238786.185   349.357     7.25    9.06
 239074.438   352.281    10.14    9.00
 239362.678   355.071     9.68    8.54
 239650.906   357.054     6.88    8.50
 239939.120   359.470     8.38    7.94
 240227.322   362.690    11.17    7.36
 240515.511   366.630    13.67    8.35
 240803.688   370.024    11.78    9.10
 241091.851   372.701     9.29    9.18
 241380.002   374.357     5.75    7.81
 241668.140   375.357     3.47    7.44
 241956.265   377.115     6.10    7.22
 242244.378   378.435     4.58    7.39
 242532.478   380.019     5.50    8.09
 242820.565   381.088     3.71    7.63
 243108.639   382.003     3.18    7.29
 243396.701   384.448     8.49    6.94
 243684.750   385.524     3.73    6.60
 243972.786   385.834     1.08    6.69
 244260.810   385.924     0.31    7.47
 244548.821   385.706    -0.76    7.74
 244836.819   386.373     2.32    7.80
 245124.804   385.388    -3.42    8.17
 245412.777   383.988    -4.86    8.19
 245700.737   383.389    -2.08    8.19
 245988.684   383.372    -0.06    7.67
 246276.619   382.880    -1.71    7.18
 246564.540   383.813     3.24    7.16
 246852.450   385.342     5.31    7.13
 247140.346   387.138     6.24    7.71
 247428.230   390.440    11.47    7.50
 247716.101   392.327     6.55    6.79
 248003.959   394.076     6.07    5.60
 248291.805   394.188     0.39    6.17
 248579.638   394.342     0.54    6.81
 248867.458   394.592     0.87    6.80
 249155.266   393.873    -2.50    7.63
 249443.061   394.310     1.52    7.43
 249730.843   393.557    -2.61    8.49
 250018.613   391.526    -7.06    9.98
 250306.370   389.918    -5.59   10.98
 250594.114   387.690    -7.74   11.11
 250881.846   385.175    -8.74   10.67
 251169.565   382.873    -8.00    9.15
 251457.271   381.630    -4.32    7.30
 251744.965   380.631    -3.47    5.90
 252032.646   380.542    -0.31    4.71
 252320.314   381.251     2.47    4.60
 252607.970   382.065     2.83    4.69
 252895.613   383.496     4.97    5.23
 253183.243   384.357     2.99    4.97
 253470.861   385.236     3.05    4.77
 253758.466   386.180     3.28    4.87
 254046.058   386.973     2.76    5.23
 254333.638   387.812     2.92    5.48
 254621.205   388.745     3.25    5.72
 254908.760   389.480     2.56    5.75
 255196.302   390.524     3.63    5.60
 255483.831   391.307     2.72    5.67
 255771.348   391.542     0.82    5.37
 256058.852   391.918     1.31    5.07
 256346.344   391.942     0.08    4.73
 256633.823   391.963     0.07    4.51
 256921.289   392.280     1.10    4.14
 257208.742   392.311     0.11    4.11
 257496.183   392.278    -0.12    3.73
 257783.612   392.680     1.40    4.10
 258071.028   393.268     2.04    4.21
 258358.431   393.865     2.08    4.05
 258645.821   394.805     3.27    4.34
 258933.199   395.478     2.34    4.23
 259220.565   395.889     1.43    4.06
 259507.918   396.781     3.10    4.07
 259795.258   397.196     1.44    3.86
 260082.586   398.529     4.64    3.99
 260369.901   399.478     3.30    4.06
 260657.203   400.600     3.90    4.42
 260944.493   401.619     3.55    4.65
 261231.771   402.421     2.79    4.47
 261519.035   403.342     3.21    4.08
 261806.287   403.212    -0.45    3.58
 262093.527   403.524     1.09    3.40
 262380.754   403.865     1.19    3.19
 262667.969   404.730     3.01    3.26
 262955.171   405.634     3.15    3.22
 263244.207   406.711     3.73    3.44
 263534.139   407.374     2.28    3.43
 263824.058   408.766     4.80    3.87
 264113.964   409.948     4.08    4.10
 264403.857   411.766     6.27    4.40
 264693.738   413.524     6.06    4.61
 264983.605   415.468     6.71    4.73
 265273.460   417.221     6.05    5.08
 265563.302   418.922     5.87    5.32
 265853.132   420.680     6.07    6.24
 266142.948   422.478     6.20    6.94
 266432.752   424.074     5.50    7.12
 266722.542   424.742     2.31    6.30
 267012.320   425.080     1.17    6.12
 267302.085   424.685    -1.36    5.38
 267591.838   423.711    -3.36    5.38
 267881.577   422.266    -4.99    5.30
 268171.304   421.118    -3.96    6.32
 268461.018   419.403    -5.92    6.25
 268750.719   419.217    -0.64    7.39
 269040.408   418.781    -1.50    7.64
 269330.083   418.228    -1.91    6.72
 269619.746   417.203    -3.54    5.31
 269909.396   417.342     0.48    4.57
 270199.033   417.297    -0.16    3.49
 270488.658   416.865    -1.49    2.62
 270778.270   417.065     0.69    2.10
 271067.869   417.090     0.09    2.04
 271357.455   417.297     0.71    2.06
 271647.028   417.751     1.57    2.28
 271936.589   418.004     0.87    2.57
 272226.137   418.111     0.37    2.53
 272515.672   418.019    -0.32    2.45
 272805.194   418.154     0.47    2.58
 273094.704   417.842    -1.08    2.77
 273384.200   417.732    -0.38    2.74
 273673.684   418.115     1.32    2.58
 273963.156   418.311     0.68    2.77
 274252.614   419.217     3.13    3.46
 274542.060   419.978     2.63    3.76
 274831.493   420.590     2.11    3.86
 275120.914   420.797     0.71    3.71
 275410.321   420.880     0.29    3.55
 275699.716   420.999     0.41    3.13
 275989.098   420.671    -1.13    2.62
 276278.468   420.419    -0.87    2.19
 276567.825   420.631     0.73    2.44
 276857.169   421.326     2.40    2.51
 277146.500   422.092     2.64    2.61
 277435.818   422.903     2.80    2.90
 277725.124   423.529     2.16    3.21
 278014.417   424.468     3.25    3.41
 278303.698   425.357     3.07    3.49
 278592.965   425.906     1.90    3.81
 278882.220   426.175     0.93    3.96
 279171.463   426.342     0.58    4.22
 279460.692   426.536     0.67    4.24
 279749.909   426.880     1.19    4.31
 280039.113   426.988     0.37    4.41
 280328.305   426.728    -0.90    4.15
 280617.484   426.696    -0.11    3.93
 280906.650   426.003    -2.39    3.32
 281195.803   425.480    -1.81    2.78
 281484.944   425.206    -0.95    2.38
 281774.072   424.865    -1.18    1.99
 282063.187   424.957     0.32    2.23
 282352.290   425.196     0.83    2.35
 282641.380   425.206     0.03    2.21
 282930.458   425.477     0.94    2.69
 283219.522   426.069     2.05    3.06
 283508.574   426.850     2.70    3.65
 283797.614   427.834     3.40    4.28
 284086.640   428.774     3.25    5.04
 284375.654   429.434     2.28    5.19
 284664.656   429.896     1.60    5.01
 284953.645   429.911     0.05    4.61
 285242.621   429.896    -0.05    3.87
 285531.584   430.096     0.69    3.30
 285820.535   430.342     0.85    2.45
 286109.473   431.230     3.07    3.13
 286398.398   432.039     2.80    3.49
 286687.311   433.671     5.65    4.28
 286976.212   434.387     2.48    4.28
 287265.099   434.686     1.03    4.08
 287553.974   434.942     0.89    4.05
 287842.836   435.024     0.28    3.81
 288131.686   435.142     0.41    3.73
 288420.523   435.717     1.99    4.01
 288709.348   436.296     2.00    4.49
 288998.159   437.327     3.57    4.65
 289286.959   438.265     3.25    4.19
 289575.745   439.276     3.50    4.23
 289864.519   439.670     1.36    4.32
 290153.281   439.865     0.68    4.25
 290442.029   439.537    -1.13    4.24
 290730.765   439.140    -1.37    3.76
 291019.489   438.598    -1.88    3.52
 291308.200   438.397    -0.70    2.94
 291596.898   438.683     0.99    3.31
 291885.584   438.430    -0.87    2.91
