#   49.189  -0.094  23.769 ;Mean Elev.(m), Avg Gradient(m/km), RMS Gradient(m/km) - SRTM1     
#   72.466  -0.215  23.817 ;Mean Elev.(m), Avg Gradient(m/km), RMS Gradient(m/km) - ASTER GDEM
#   49.481  -1.156  23.079 ;Mean Elev.(m), Avg Gradient(m/km), RMS Gradient(m/km) - GMTED2010 
  17  31.309240  27.139705    49.666    49.666  2 54823.89989965 51.045
  18  31.308514  27.142809    49.819    49.819  2 54833.81554004 50.708
  19  31.306481  27.145546    49.368    49.368  2 54843.73119035 45.971
  21  31.303510  27.151906    50.338    50.338  2 54863.56248956 46.823
  23  31.303505  27.151714    53.546    53.546  2 54883.39378505 31.733
  24  31.304216  27.148972    50.759    50.759  2 54893.30942766 34.789
  25  31.304968  27.148559    50.530    50.530  2 54903.22506784 40.123
  28  31.305868  27.147163    51.299    51.299  2 54932.97198068 48.590
  29  31.308236  27.142235    51.231    51.231  2 54942.88761487 52.199
  30  31.311139  27.136350    51.425    51.412  4 54952.80324710 53.245
  31  31.311240  27.135275    52.433    52.314  4 54962.71889007 44.168
  33  31.308854  27.141834    51.402    51.402  2 54982.55018752 37.168
  35  31.307606  27.144698    51.494    51.494  2 55002.38148231 45.313
  36  31.306994  27.145632    51.657    51.657  2 55012.29712723 49.183
  37  31.307263  27.147338    52.096    52.096  2 55022.21277084 38.000
  38  31.306829  27.147758    51.362    51.362  2 55032.12841306 47.504
  39  31.306405  27.146344    51.406    51.406  2 55042.04405410 50.081
  40  31.308101  27.144096    51.196    51.196  2 55051.95969359 53.111
  42  31.310114  27.138699    51.221    51.221  2 55071.79097322 50.814
  43  31.309295  27.141618    50.768    50.768  2 55081.70662233 51.177
  44  31.307170  27.143814    50.659    50.659  2 55091.62226982 39.591
  45  31.306312  27.147793    50.250    50.250  2 55101.53791745 45.435
  46  31.305307  27.148315    50.878    50.878  2 55111.45356402 33.455
  47  31.306387  27.147929    50.252    50.252  2 55121.36920850 50.005
  48  31.307470  27.145554    50.377    50.377  2 55131.28484970 48.654
  50  31.307856  27.143706    50.240    50.240  2 55151.11612722 42.174
  51  31.308312  27.143187    50.043    50.043  2 55161.03176547 50.581
  52  31.308884  27.140452    49.388    49.388  2 55170.94740288 50.834
  53  31.310114  27.137479    49.079    49.067  3 55180.86303882 50.356
  54  31.308995  27.140075    49.345    49.345  2 55190.77868773 50.215
  55  31.307302  27.145539    51.021    51.021  2 55200.69433899 32.747
  56  31.305962  27.149629    51.143    51.143  2 55210.60998956 40.360
  58  31.305112  27.150254    53.410    53.410  2 55230.44128764 28.210
  59  31.305232  27.148169    50.391    50.391  2 55240.35693246 45.182
  60  31.305272  27.147473    49.938    49.938  2 55250.27257385 37.158
  63  31.306601  27.147547    50.581    50.581  2 55280.01948851 48.644
  65  31.309986  27.138410    50.644    50.644  2 55299.85075746 50.574
  66  31.309826  27.137682    50.662    50.641  3 55309.76640199 40.633
  69  31.307208  27.144088    51.980    51.980  2 55339.51333813 34.897
  70  31.307306  27.143890    51.337    51.337  2 55349.42898245 43.043
  71  31.307587  27.142761    51.743    51.743  2 55359.34462458 52.955
  72  31.308194  27.144056    51.745    51.745  2 55369.26026492 44.994
  74  31.308367  27.142872    51.335    51.335  2 55389.09154058 42.858
  75  31.309483  27.139272    51.564    51.564  2 55399.00717641 40.788
  76  31.310080  27.136595    51.673    51.673  2 55408.92282155 50.614
  77  31.309762  27.137380    51.287    51.287  2 55418.83847205 50.088
  78  31.309101  27.140377    51.269    51.269  2 55428.75411968 51.513
  79  31.307567  27.143576    51.224    51.224  2 55438.66976491 41.973
  80  31.306536  27.146039    50.656    50.656  2 55448.58540891 35.422
  82  31.307270  27.143997    50.022    50.022  2 55468.41669467 42.729
  83  31.308963  27.141569    50.021    50.021  2 55478.33233376 47.153
  84  31.310223  27.139083    50.761    50.761  2 55488.24796966 48.905
  85  31.309802  27.135194    50.154    50.124  3 55498.16360266 37.952
  86  31.309800  27.136747    50.064    50.064  2 55508.07924117 50.383
  87  31.308763  27.141317    50.560    50.560  2 55517.99489205 43.492
  89  31.308084  27.144000    49.527    49.527  2 55537.82618891 49.381
  90  31.307472  27.145328    49.595    49.595  2 55547.74183428 48.961
  91  31.306629  27.148373    49.170    49.170  2 55557.65747838 47.817
  92  31.305859  27.149542    50.671    50.671  2 55567.57312141 31.930
  93  31.306433  27.147670    49.611    49.611  2 55577.48876327 42.294
  94  31.308134  27.144042    49.756    49.756  2 55587.40440280 48.594
  95  31.309560  27.138270    49.911    49.911  2 55597.32003870 37.078
  96  31.310613  27.135772    50.267    50.236  4 55607.23567219 45.176
  97  31.311265  27.134966    52.087    52.045  4 55617.15130367 39.305
  98  31.310133  27.137545    50.603    50.506  3 55627.06694806 36.847
  99  31.309540  27.140722    50.661    50.661  2 55636.98259981 52.279
 100  31.309363  27.140595    50.737    50.737  2 55646.89824890 51.334
 101  31.309245  27.139691    50.643    50.643  2 55656.81389507 50.118
 103  31.308965  27.141810    50.791    50.791  2 55676.64517717 42.321
 104  31.308840  27.142503    50.978    50.978  2 55686.56081520 50.126
 106  31.310176  27.135425    51.136    51.125  3 55706.39208613 51.207
 107  31.310289  27.137908    51.927    51.542  3 55716.30773656 42.556
 108  31.309153  27.141171    51.724    51.724  2 55726.22338579 45.572
 109  31.307476  27.143755    51.548    51.548  2 55736.13903285 48.065
 111  31.307253  27.146406    51.683    51.683  2 55755.97032205 51.794
 113  31.309824  27.137707    51.325    51.325  2 55775.80159964 46.665
 114  31.310931  27.136028    51.423    51.386  3 55785.71723481 52.966
 115  31.310731  27.134616    51.298    51.249  4 55795.63286820 48.450
 116  31.310583  27.135964    51.430    50.848  4 55805.54850846 39.982
 117  31.310326  27.138889    50.678    50.678  2 55815.46415868 41.306
 118  31.310562  27.137700    50.222    50.294  3 55825.37980548 40.570
 119  31.310664  27.135083    50.158    50.205  4 55835.29544740 43.233
 120  31.310614  27.133606    50.107    50.064  4 55845.21108581 42.577
 121  31.311321  27.134760    50.220    50.207  4 55855.12672179 39.614
 122  31.310888  27.136553    50.260    50.225  3 55865.04236204 46.463
 126  31.310119  27.136651    50.560    49.210  3 55904.70493958 38.598
 127  31.309913  27.137487    49.145    49.255  3 55914.62058068 50.556
 128  31.307977  27.143560    49.445    49.445  2 55924.53623597 48.825
 129  31.306943  27.145780    49.586    49.586  2 55934.45188749 43.028
 130  31.307107  27.144723    49.782    49.782  2 55944.36753379 46.141
 133  31.308663  27.142426    50.240    50.240  2 55974.11445153 50.177
 135  31.310547  27.135457    50.336    50.299  3 55993.94571963 39.522
 136  31.310322  27.136278    50.936    50.278  4 56003.86137005 37.866
 137  31.309930  27.137970    50.421    50.471  3 56013.77701889 46.917
 138  31.309268  27.141501    50.393    50.393  2 56023.69266504 52.242
 139  31.307699  27.143603    50.295    50.295  2 56033.60830866 38.741
 141  31.307743  27.142427    51.076    51.076  2 56053.43958852 49.093
 142  31.309760  27.139612    50.973    50.973  2 56063.35522352 42.960
 143  31.309756  27.137120    51.137    51.137  2 56073.27086495 49.339
 149  31.311000  27.135863    51.509    51.519  4 56132.76471046 45.873
 150  31.311364  27.133857    51.591    51.561  4 56142.68034750 36.602
 152  31.308393  27.141559    51.314    51.314  2 56162.51164923 41.379
 154  31.308934  27.140836    50.813    50.813  2 56182.34293953 49.836
 155  31.309704  27.139578    50.179    50.179  2 56192.25857826 38.357
 156  31.309502  27.137978    50.112    50.112  2 56202.17421395 49.086
 157  31.309602  27.135730    50.382    50.408  3 56212.08984740 48.927
 158  31.311432  27.133833    50.476    50.484  4 56222.00547904 51.295
 159  31.309781  27.136806    50.652    50.652  2 56231.92113362 49.455
 162  31.308098  27.143496    49.465    49.465  2 56261.66807922 42.028
 166  31.307570  27.145908    50.708    50.708  2 56301.33066375 31.873
 167  31.307201  27.145426    49.648    49.648  2 56311.24630742 44.884
 169  31.306876  27.144503    50.720    50.720  2 56331.07758893 46.452
 172  31.310521  27.136271    50.322    50.341  4 56360.82450313 50.294
 173  31.309144  27.139864    50.347    50.347  2 56370.74015321 44.164
 175  31.306153  27.147419    51.830    51.830  2 56390.57144655 32.538
 176  31.306559  27.147313    52.099    52.099  2 56400.48708999 33.219
 177  31.307659  27.144920    51.207    51.207  2 56410.40273035 51.044
 179  31.309820  27.138274    50.704    50.704  2 56430.23400190 43.761
 180  31.307655  27.143989    51.213    51.213  2 56440.14965579 51.851
 181  31.306143  27.146870    51.581    51.581  2 56450.06530654 49.280
 182  31.305938  27.146434    51.444    51.444  2 56459.98095447 37.798
 183  31.307224  27.146380    51.410    51.410  2 56469.89659930 52.291
 184  31.307392  27.143282    51.510    51.510  2 56479.81223966 51.662
 185  31.308175  27.141641    51.489    51.489  2 56489.72787657 50.733
 187  31.310125  27.135540    51.689    51.690  3 56509.55914434 42.306
 188  31.311609  27.135510    51.977    51.629  4 56519.47478644 38.094
 189  31.309924  27.136630    51.294    51.294  2 56529.39044060 45.784
 190  31.309967  27.139905    50.976    50.976  2 56539.30609123 40.073
 191  31.308469  27.141347    50.492    50.492  2 56549.22173697 49.252
 192  31.307114  27.144299    50.213    50.213  2 56559.13738041 46.799
 193  31.306751  27.145975    50.211    50.211  2 56569.05302255 47.864
 196  31.309890  27.137105    50.006    50.006  2 56598.79994217 51.373
 199  31.306649  27.145320    49.578    49.578  2 56628.54688412 46.633
 204  31.306037  27.145933    49.155    49.155  2 56678.12511318 46.157
 205  31.305950  27.146175    49.808    49.808  2 56688.04075650 44.878
 206  31.307296  27.144250    49.986    49.986  2 56697.95639719 49.071
 208  31.310555  27.136617    50.518    50.515  3 56717.78766904 50.802
 210  31.305976  27.147666    51.967    51.967  2 56737.61897240 37.899
 211  31.304413  27.149257    50.457    50.457  2 56747.53461802 46.672
 212  31.305980  27.147792    51.997    51.997  2 56757.45025885 32.545
 213  31.308505  27.141584    50.347    50.347  2 56767.36589288 37.882
 215  31.307119  27.146631    50.394    50.394  2 56787.19719414 49.124
 217  31.302769  27.152468    51.718    51.718  2 56807.02849427 48.659
 218  31.304407  27.150374    52.184    52.184  2 56816.94413484 48.242
 219  31.306503  27.145163    52.423    52.423  2 56826.85977136 32.199
 221  31.310414  27.135602    51.592    51.608  4 56846.69103519 50.316
 222  31.309399  27.140660    51.329    51.329  2 56856.60668619 41.138
 224  31.307004  27.146812    51.486    51.486  2 56876.43799333 48.027
 226  31.305756  27.146801    51.611    51.611  2 56896.26928898 48.520
 229  31.304385  27.149711    49.982    49.982  2 56926.01621255 43.843
 230  31.306258  27.145668    50.507    50.507  2 56935.93184757 45.990
 231  31.310218  27.139367    50.305    50.305  2 56945.84747706 50.585
 232  31.309451  27.139725    50.198    50.198  2 56955.76312909 50.114
 234  31.307463  27.146365    50.266    50.266  2 56975.59442469 46.824
 235  31.307471  27.146715    51.303    51.303  2 56985.51006554 33.287
 236  31.308724  27.140932    49.057    49.057  2 56995.42569989 46.733
 237  31.310381  27.137597    50.469    49.404  3 57005.34134174 38.063
 238  31.309346  27.140260    49.457    49.457  2 57015.25699764 43.963
 239  31.307681  27.142921    48.913    48.913  2 57025.17264884 44.622
 240  31.306777  27.146887    49.764    49.764  2 57035.08829790 45.148
 241  31.306385  27.147445    49.413    49.413  2 57045.00394367 47.707
 242  31.307349  27.146077    49.503    49.503  2 57054.91958613 48.881
 243  31.308865  27.142590    50.046    50.046  2 57064.83522335 44.632
 244  31.310328  27.139767    50.739    50.739  2 57074.75085611 50.168
 245  31.311372  27.135965    51.316    50.440  4 57084.66648556 39.183
 246  31.308666  27.140676    50.281    50.281  2 57094.58213986 39.429
 247  31.306489  27.146423    50.266    50.266  2 57104.49779769 39.022
 248  31.306157  27.148740    50.315    50.315  2 57114.41345075 42.420
 249  31.306522  27.147039    53.447    53.447  2 57124.32909682 32.957
 250  31.307419  27.145898    51.467    51.467  2 57134.24473756 49.477
 252  31.309641  27.140838    51.842    51.842  2 57154.07600637 46.023
 253  31.310119  27.137199    51.899    51.863  3 57163.99164174 40.427
 255  31.308402  27.142749    52.022    52.022  2 57183.82295214 43.357
 257  31.307323  27.144299    51.899    51.899  2 57203.65424893 36.827
 258  31.306935  27.146218    52.496    52.496  2 57213.56988343 36.284
 260  31.307582  27.144076    51.918    51.918  2 57233.40116960 49.073
 263  31.310267  27.139320    51.604    51.604  2 57263.14808004 42.745
 264  31.309755  27.135935    50.889    50.824  3 57273.06371613 42.399
 265  31.308723  27.141503    50.532    50.532  2 57282.97937424 50.787
 268  31.306562  27.145294    50.461    50.461  2 57312.72632793 44.833
 269  31.306542  27.148352    52.075    52.075  2 57322.64197304 35.795
 270  31.305599  27.147585    53.369    53.369  2 57332.55761539 31.747
 271  31.306106  27.146026    51.474    51.474  2 57342.47325582 35.427
 272  31.305321  27.147866    49.819    49.819  2 57352.38890878 46.051
 273  31.306612  27.147714    52.859    52.859  2 57362.30455362 32.628
 274  31.307337  27.145618    49.583    49.583  2 57372.22019460 48.114
 275  31.307783  27.144268    49.836    49.836  2 57382.13583353 50.064
 277  31.309675  27.138617    49.437    49.437  2 57401.96710832 49.103
 278  31.309824  27.135503    49.173    49.181  3 57411.88274989 41.199
 279  31.309050  27.139677    50.381    50.381  2 57421.79840230 48.953
 280  31.307716  27.144836    49.918    49.918  2 57431.71405238 51.200
 281  31.306158  27.148170    50.074    50.074  2 57441.62970036 47.211
 282  31.305599  27.148870    51.614    51.614  2 57451.54534726 33.910
 284  31.307329  27.144231    50.365    50.365  2 57471.37663353 47.545
 285  31.308619  27.140679    50.556    50.556  2 57481.29227061 44.432
 286  31.310219  27.139835    50.358    50.358  2 57491.20790502 42.417
 287  31.310823  27.135676    50.688    50.696  4 57501.12353640 51.558
 288  31.309973  27.136604    50.840    50.925  3 57511.03918376 52.689
 289  31.308982  27.140592    50.814    50.814  2 57520.95483948 50.171
 291  31.307865  27.142449    51.805    51.805  2 57540.78614156 48.977
 292  31.307809  27.144154    52.036    52.036  2 57550.70178854 47.983
 293  31.307384  27.145730    51.609    51.609  2 57560.61743432 39.430
 294  31.306427  27.145235    51.471    51.471  2 57570.53307932 37.118
 296  31.307989  27.144471    51.702    51.702  2 57590.36436766 48.709
