#   36.647   0.275   1.118 ;Mean Elev.(m), Avg Gradient(m/km), RMS Gradient(m/km) - SRTM1     
#   59.500   0.217   1.149 ;Mean Elev.(m), Avg Gradient(m/km), RMS Gradient(m/km) - ASTER GDEM
#   38.643   0.268   1.216 ;Mean Elev.(m), Avg Gradient(m/km), RMS Gradient(m/km) - GMTED2010 
   1    42.472 54662.69909647 46.97  30.852534  27.575498   -100 -100.00 -100.00 -100.00
   1    42.049 54662.69909706 50.90  30.853724  27.573070  1.634 -100.00 -100.00 -100.00
   2   168.143 54672.61474112  4.14  30.850884  27.575250  3.798 -100.00 -100.00 -100.00
   2   170.251 54672.61474171  4.12  30.852074  27.572822  3.461 -100.00 -100.00 -100.00
   3   -34.214 54682.53038493  3.55  30.851021  27.573866  2.757 -100.00 -100.00 -100.00
   3   -36.901 54682.53038552  3.23  30.852211  27.571438  2.609 -100.00 -100.00 -100.00
   4   167.779 54692.44602677  4.66  30.851317  27.577109  4.254 -100.00 -100.00 -100.00
   4   169.117 54692.44602736  4.83  30.852507  27.574680  4.082 -100.00 -100.00 -100.00
   4   170.623 54692.44602795  5.75  30.853697  27.572252  5.144 -100.00 -100.00 -100.00
   7   148.133 54722.19296694  3.56  30.850609  27.575619  2.901 -100.00 -100.00 -100.00
   7   169.782 54722.19296753  4.48  30.851800  27.573190  5.143 -100.00 -100.00 -100.00
   7   171.515 54722.19296812  4.36  30.852990  27.570762  4.478 -100.00 -100.00 -100.00
   8   169.752 54732.10861644  4.81  30.848581  27.569680  3.308 -100.00 -100.00 -100.00
   8   172.459 54732.10861703  4.48  30.849771  27.567252  2.989 -100.00 -100.00 -100.00
   9   170.598 54742.02426352  5.44  30.846687  27.566952  3.729 -100.00 -100.00 -100.00
   9   172.652 54742.02426411  5.11  30.847877  27.564523  3.644 -100.00 -100.00 -100.00
  10   170.109 54751.93990978  4.24  30.845938  27.567227  3.403 -100.00 -100.00 -100.00
  10   172.411 54751.93991037  3.51  30.847128  27.564798  2.892 -100.00 -100.00 -100.00
  11   171.314 54761.85555584  3.69  30.846505  27.567542  3.286 -100.00 -100.00 -100.00
  11   173.451 54761.85555643  4.59  30.847695  27.565114  3.225 -100.00 -100.00 -100.00
  15   170.368 54801.51811553  4.32  30.849635  27.571525  3.075 -100.00 -100.00 -100.00
  15   171.308 54801.51811612  4.79  30.850826  27.569096  3.787 -100.00 -100.00 -100.00
  16   169.312 54811.43375290  4.22  30.851274  27.573852  3.483 -100.00 -100.00 -100.00
  16   170.721 54811.43375349  4.32  30.852464  27.571424  3.579 -100.00 -100.00 -100.00
  17   168.810 54821.34939403  4.42  30.852339  27.575775  3.353 -100.00 -100.00 -100.00
  17   170.610 54821.34939462  4.18  30.853529  27.573347  3.438 -100.00 -100.00 -100.00
  18   168.344 54831.26504670  4.81  30.850646  27.574851  3.781 -100.00 -100.00 -100.00
  18   169.945 54831.26504729  5.51  30.851836  27.572422  4.517 -100.00 -100.00 -100.00
  21    40.449 54861.01198467 41.80  30.846787  27.567409 20.432 -100.00 -100.00 -100.00
  21    39.735 54861.01198526 47.16  30.847977  27.564980   -100 -100.00 -100.00 -100.00
  22   170.602 54870.92763317  4.02  30.846505  27.567141  4.199 -100.00 -100.00 -100.00
  22   173.588 54870.92763376  4.02  30.847695  27.564713  3.431 -100.00 -100.00 -100.00
  24   169.994 54890.75892360  3.73  30.846291  27.567959  3.793 -100.00 -100.00 -100.00
  24   172.116 54890.75892419  3.41  30.847481  27.565531  3.077 -100.00 -100.00 -100.00
  25   171.086 54900.67456480  4.60  30.846048  27.565633  3.147 -100.00 -100.00 -100.00
  25   173.140 54900.67456539  4.99  30.847238  27.563205  3.334 -100.00 -100.00 -100.00
  26    40.762 54910.59020340 36.09  30.844292  27.566988   -100 -100.00 -100.00 -100.00
  26    40.569 54910.59020399 34.71  30.845482  27.564560   -100 -100.00 -100.00 -100.00
  26    40.607 54910.59020458 37.96  30.846672  27.562132   -100 -100.00 -100.00 -100.00
  27    40.691 54920.50584140 37.56  30.844814  27.567400   -100 -100.00 -100.00 -100.00
  27    40.454 54920.50584199 36.34  30.846004  27.564971   -100 -100.00 -100.00 -100.00
  27    40.381 54920.50584258 40.35  30.847194  27.562543  9.611 -100.00 -100.00 -100.00
  29    41.180 54940.33711535 39.35  30.849637  27.571115   -100 -100.00 -100.00 -100.00
  29    41.171 54940.33711594 43.90  30.850827  27.568687   -100 -100.00 -100.00 -100.00
  30    41.403 54950.25274954 43.64  30.850809  27.575135 27.032 -100.00 -100.00 -100.00
  30    41.057 54950.25275013 48.11  30.851999  27.572707   -100 -100.00 -100.00 -100.00
  31   168.935 54960.16838936  4.37  30.851362  27.574777  3.927 -100.00 -100.00 -100.00
  31   170.513 54960.16838995  4.75  30.852552  27.572349  4.333 -100.00 -100.00 -100.00
  32   169.424 54970.08403835  4.52  30.850321  27.572594  3.731 -100.00 -100.00 -100.00
  32   170.669 54970.08403894  5.25  30.851511  27.570166  4.460 -100.00 -100.00 -100.00
  33   170.202 54979.99968572  4.40  30.850147  27.571740  4.294 -100.00 -100.00 -100.00
  33   172.615 54979.99968631  5.01  30.851337  27.569312  4.858 -100.00 -100.00 -100.00
  34   170.543 54989.91533245  3.41  30.849850  27.572194  4.158 -100.00 -100.00 -100.00
  34   171.153 54989.91533304  5.24  30.851040  27.569766  6.028 -100.00 -100.00 -100.00
  39   170.656 55039.49355182  3.83  30.849754  27.571059  3.231 -100.00 -100.00 -100.00
  39   172.830 55039.49355242  4.10  30.850944  27.568631  3.502 -100.00 -100.00 -100.00
  40    41.764 55049.40919212 32.76  30.850901  27.573588   -100 -100.00 -100.00 -100.00
  40    41.750 55049.40919271 33.88  30.852091  27.571159   -100 -100.00 -100.00 -100.00
  41   168.763 55059.32483043  4.62  30.852028  27.575785  3.634 -100.00 -100.00 -100.00
  41   170.561 55059.32483102  4.26  30.853218  27.573357  3.081 -100.00 -100.00 -100.00
  42   168.062 55069.24047018  4.37  30.851460  27.576681  3.630 -100.00 -100.00 -100.00
  42   169.821 55069.24047077  4.29  30.852651  27.574252  3.371 -100.00 -100.00 -100.00
  42   171.218 55069.24047136  5.37  30.853841  27.571824  5.079 -100.00 -100.00 -100.00
  49   170.572 55138.64998596  3.43  30.847446  27.568127  3.107 -100.00 -100.00 -100.00
  49   172.311 55138.64998655  4.87  30.848636  27.565698  3.084 -100.00 -100.00 -100.00
  52   169.306 55168.39690042  3.73  30.851465  27.574478  3.401 -100.00 -100.00 -100.00
  52   170.991 55168.39690101  3.98  30.852655  27.572049  3.214 -100.00 -100.00 -100.00
  54   169.061 55188.22818334  4.90  30.852212  27.575418  3.260 -100.00 -100.00 -100.00
  54   170.332 55188.22818393  5.74  30.853402  27.572990  4.429 -100.00 -100.00 -100.00
  58    39.962 55227.89078260 41.13  30.847810  27.569237 29.433 -100.00 -100.00 -100.00
  58    39.553 55227.89078319 46.01  30.849000  27.566809   -100 -100.00 -100.00 -100.00
  60    40.080 55247.72206992 38.48  30.846292  27.567891   -100 -100.00 -100.00 -100.00
  60    40.172 55247.72207051 38.97  30.847482  27.565462   -100 -100.00 -100.00 -100.00
  61   170.035 55257.63770957  4.57  30.845043  27.566750  3.808 -100.00 -100.00 -100.00
  61   172.251 55257.63771016  4.85  30.846233  27.564322  3.056 -100.00 -100.00 -100.00
  62   169.549 55267.55334836  3.98  30.844645  27.567216  3.020 -100.00 -100.00 -100.00
  62   172.048 55267.55334895  3.77  30.845835  27.564788  2.875 -100.00 -100.00 -100.00
  62   174.524 55267.55334954  4.05  30.847025  27.562360  2.899 -100.00 -100.00 -100.00
  65   169.199 55297.30025899  4.48  30.851056  27.573904  3.355 -100.00 -100.00 -100.00
  65   170.525 55297.30025958  4.90  30.852246  27.571476  3.701 -100.00 -100.00 -100.00
  66   169.663 55307.21590107  4.59  30.851182  27.572770  3.691 -100.00 -100.00 -100.00
  66   172.291 55307.21590167  5.23  30.852372  27.570342  4.330 -100.00 -100.00 -100.00
  68    41.013 55327.04719355 35.29  30.847635  27.569267   -100 -100.00 -100.00 -100.00
  68    40.597 55327.04719414 38.99  30.848825  27.566839  3.075 -100.00 -100.00 -100.00
  71   170.467 55356.79412315  4.44  30.850554  27.571893  4.595 -100.00 -100.00 -100.00
  71   172.851 55356.79412374  3.76  30.851744  27.569465  3.180 -100.00 -100.00 -100.00
  74   168.628 55386.54103958  4.71  30.850765  27.574465  3.453 -100.00 -100.00 -100.00
  74   170.305 55386.54104017  4.73  30.851955  27.572037  3.729 -100.00 -100.00 -100.00
  75   169.568 55396.45667700  5.47  30.853287  27.575050  4.631 -100.00 -100.00 -100.00
  75   171.266 55396.45667759  4.53  30.854477  27.572621  3.097 -100.00 -100.00 -100.00
  77   167.636 55416.28796988  4.32  30.851587  27.576845  3.522 -100.00 -100.00 -100.00
  77   169.938 55416.28797047  4.47  30.852778  27.574417  4.009 -100.00 -100.00 -100.00
  77   171.262 55416.28797106  4.86  30.853968  27.571988  3.540 -100.00 -100.00 -100.00
  79   169.879 55436.11926448  4.59  30.847537  27.568862  3.141 -100.00 -100.00 -100.00
  79   172.128 55436.11926507  4.92  30.848727  27.566433  3.290 -100.00 -100.00 -100.00
  81    40.219 55455.95055126 35.58  30.847188  27.567694  2.462 -100.00 -100.00 -100.00
  81    40.399 55455.95055185 36.34  30.848378  27.565265   -100 -100.00 -100.00 -100.00
  84   169.516 55485.69746775  3.91  30.851113  27.572820  3.773 -100.00 -100.00 -100.00
  84   172.429 55485.69746834  3.29  30.852303  27.570391  3.908 -100.00 -100.00 -100.00
  85   169.383 55495.61310166  4.98  30.851171  27.573435  4.196 -100.00 -100.00 -100.00
  85   170.885 55495.61310225  5.08  30.852362  27.571006  4.329 -100.00 -100.00 -100.00
  86   168.903 55505.52873570  4.32  30.851698  27.575273  3.051 -100.00 -100.00 -100.00
  86   170.491 55505.52873629  4.52  30.852888  27.572844  3.899 -100.00 -100.00 -100.00
  87   168.132 55515.44438651  5.00  30.850485  27.574890  3.829 -100.00 -100.00 -100.00
  87   170.100 55515.44438710  4.89  30.851675  27.572462  3.601 -100.00 -100.00 -100.00
  88   168.743 55525.36003664  4.08  30.850982  27.574598  3.787 -100.00 -100.00 -100.00
  88   170.471 55525.36003723  4.24  30.852172  27.572170  3.638 -100.00 -100.00 -100.00
  91   170.617 55555.10697545  3.94  30.848441  27.569605  3.479 -100.00 -100.00 -100.00
  91   172.602 55555.10697604  3.56  30.849631  27.567177  3.219 -100.00 -100.00 -100.00
  94   169.339 55584.85390043  4.45  30.850630  27.572147  4.617 -100.00 -100.00 -100.00
  94   171.043 55584.85390102  4.84  30.851819  27.569719  4.237 -100.00 -100.00 -100.00
  95   167.597 55594.76953676  5.83  30.850569  27.575618  5.446 -100.00 -100.00 -100.00
  95   169.561 55594.76953735  4.70  30.851759  27.573189  3.798 -100.00 -100.00 -100.00
  95   171.309 55594.76953794  4.97  30.852949  27.570761  3.957 -100.00 -100.00 -100.00
  96   169.000 55604.68517073  4.65  30.851532  27.575082  3.527 -100.00 -100.00 -100.00
  96   170.355 55604.68517132  5.04  30.852722  27.572654  4.269 -100.00 -100.00 -100.00
  97   168.834 55614.60080265  4.49  30.852352  27.575527  4.289 -100.00 -100.00 -100.00
  97   170.710 55614.60080324  4.00  30.853542  27.573099  3.346 -100.00 -100.00 -100.00
  98   168.734 55624.51644186  5.01  30.852454  27.576323  3.831 -100.00 -100.00 -100.00
  98   170.427 55624.51644245  4.90  30.853644  27.573895  3.421 -100.00 -100.00 -100.00
  99   168.722 55634.43209504  4.06  30.851117  27.574516  3.589 -100.00 -100.00 -100.00
  99   170.662 55634.43209563  4.23  30.852307  27.572088  3.167 -100.00 -100.00 -100.00
 103    40.327 55674.09467783 36.36  30.848712  27.570191   -100 -100.00 -100.00 -100.00
 103    40.443 55674.09467842 40.00  30.849902  27.567762   -100 -100.00 -100.00 -100.00
 105   169.468 55693.92595274  4.64  30.851120  27.572445  4.209 -100.00 -100.00 -100.00
 105   171.140 55693.92595333  5.29  30.852310  27.570017  5.284 -100.00 -100.00 -100.00
 108   168.085 55723.67288120  4.63  30.851641  27.576750  3.893 -100.00 -100.00 -100.00
 108   169.832 55723.67288179  4.49  30.852831  27.574321  3.493 -100.00 -100.00 -100.00
 108   171.280 55723.67288238  5.09  30.854021  27.571893  4.264 -100.00 -100.00 -100.00
 115   168.024 55793.08237068  4.24  30.850619  27.575732  3.682 -100.00 -100.00 -100.00
 115   169.819 55793.08237127  5.11  30.851809  27.573304  4.430 -100.00 -100.00 -100.00
 115   171.315 55793.08237186  4.27  30.852999  27.570875  2.913 -100.00 -100.00 -100.00
 117   168.756 55812.91365491  4.90  30.852241  27.576059  4.287 -100.00 -100.00 -100.00
 117   170.596 55812.91365550  4.58  30.853432  27.573631  3.623 -100.00 -100.00 -100.00
 118   169.681 55822.82930283  4.29  30.852654  27.574747  3.127 -100.00 -100.00 -100.00
 118   170.868 55822.82930342  4.54  30.853845  27.572319  3.850 -100.00 -100.00 -100.00
 119   169.701 55832.74494570  4.36  30.852786  27.574763  3.451 -100.00 -100.00 -100.00
 119   171.245 55832.74494629  4.27  30.853976  27.572334  3.185 -100.00 -100.00 -100.00
 120   168.930 55842.66058402  5.22  30.852394  27.576003  3.820 -100.00 -100.00 -100.00
 120   170.384 55842.66058461  5.11  30.853584  27.573575  3.622 -100.00 -100.00 -100.00
 123   168.174 55872.40750918  5.51  30.851533  27.576897  4.595 -100.00 -100.00 -100.00
 123   169.692 55872.40750977  5.27  30.852723  27.574468  3.568 -100.00 -100.00 -100.00
 123   171.085 55872.40751036  6.00  30.853913  27.572040  4.229 -100.00 -100.00 -100.00
 124   168.281 55882.32315915  4.49  30.851555  27.576373  3.405 -100.00 -100.00 -100.00
 124   169.962 55882.32315974  4.75  30.852746  27.573945  3.331 -100.00 -100.00 -100.00
 124   171.215 55882.32316033  6.58  30.853936  27.571516  6.277 -100.00 -100.00 -100.00
 125   168.467 55892.23880254  5.89  30.852049  27.576399  4.345 -100.00 -100.00 -100.00
 125   170.305 55892.23880313  5.56  30.853239  27.573970  3.855 -100.00 -100.00 -100.00
 128   168.688 55921.98572995  4.75  30.851215  27.574497  3.653 -100.00 -100.00 -100.00
 128   170.412 55921.98573054  5.01  30.852405  27.572068  3.862 -100.00 -100.00 -100.00
 136   169.955 56001.31086701  4.72  30.853275  27.575279  3.068 -100.00 -100.00 -100.00
 136   171.296 56001.31086760  4.78  30.854466  27.572851  2.864 -100.00 -100.00 -100.00
 141   169.315 56050.88908842  5.57  30.850725  27.572037  6.885 -100.00 -100.00 -100.00
 141   172.653 56050.88908901  4.51  30.851915  27.569608  3.721 -100.00 -100.00 -100.00
 142   169.801 56060.80472417  4.31  30.852900  27.574886  3.541 -100.00 -100.00 -100.00
 142   171.236 56060.80472476  4.57  30.854090  27.572458  3.212 -100.00 -100.00 -100.00
 144   169.131 56080.63601151  5.20  30.851963  27.575300  3.876 -100.00 -100.00 -100.00
 144   170.564 56080.63601210  5.15  30.853153  27.572872  3.826 -100.00 -100.00 -100.00
 148   169.385 56120.29857744  5.20  30.850522  27.573251  4.108 -100.00 -100.00 -100.00
 148   171.264 56120.29857803  5.77  30.851712  27.570823  4.489 -100.00 -100.00 -100.00
 149   168.482 56130.21421373  5.05  30.851261  27.574419  4.089 -100.00 -100.00 -100.00
 149   170.517 56130.21421432  4.60  30.852451  27.571991  3.428 -100.00 -100.00 -100.00
 150   168.967 56140.12984681  4.24  30.852226  27.575693  3.534 -100.00 -100.00 -100.00
 150   170.582 56140.12984740  4.68  30.853417  27.573265  4.092 -100.00 -100.00 -100.00
 157   168.218 56209.53934670  4.42  30.851452  27.576646  2.785 -100.00 -100.00 -100.00
 157   169.830 56209.53934729  4.78  30.852642  27.574217  3.706 -100.00 -100.00 -100.00
 157   171.304 56209.53934788  5.37  30.853833  27.571788  4.251 -100.00 -100.00 -100.00
 161   169.002 56249.20193217  4.15  30.851335  27.574307  3.255 -100.00 -100.00 -100.00
 161   170.679 56249.20193276  4.72  30.852525  27.571879  3.963 -100.00 -100.00 -100.00
 162   169.631 56259.11757744  4.24  30.850431  27.572782  3.176 -100.00 -100.00 -100.00
 162   170.789 56259.11757803  5.68  30.851621  27.570353  4.371 -100.00 -100.00 -100.00
 163   169.484 56269.03321941  3.62  30.850508  27.572996  3.899 -100.00 -100.00 -100.00
 163   170.728 56269.03322000  5.17  30.851698  27.570568  4.793 -100.00 -100.00 -100.00
 164   169.473 56278.94885955  4.35  30.851408  27.573376  4.099 -100.00 -100.00 -100.00
 164   171.131 56278.94886014  3.96  30.852598  27.570948  3.581 -100.00 -100.00 -100.00
 167    39.648 56308.69580260 40.56  30.847612  27.569289 32.501 -100.00 -100.00 -100.00
 167    39.563 56308.69580319 44.72  30.848802  27.566861   -100 -100.00 -100.00 -100.00
 169    39.711 56328.52708622 41.76  30.847545  27.568750   -100 -100.00 -100.00 -100.00
 169    40.141 56328.52708682 44.47  30.848735  27.566322 29.149 -100.00 -100.00 -100.00
 171   167.465 56348.35836408  3.87  30.850429  27.576908  3.858 -100.00 -100.00 -100.00
 171   169.193 56348.35836467  3.81  30.851619  27.574479  3.182 -100.00 -100.00 -100.00
 171   171.457 56348.35836526  3.28  30.852809  27.572051  3.090 -100.00 -100.00 -100.00
 173    40.515 56368.18965118 33.59  30.850223  27.572615 32.389 -100.00 -100.00 -100.00
 173    40.568 56368.18965177 35.89  30.851413  27.570187 31.809 -100.00 -100.00 -100.00
 175    40.958 56388.02094534 39.59  30.846957  27.568726 25.027 -100.00 -100.00 -100.00
 175    40.600 56388.02094593 42.79  30.848147  27.566298   -100 -100.00 -100.00 -100.00
 177    40.649 56407.85222874 32.03  30.850701  27.572729   -100 -100.00 -100.00 -100.00
 177    40.911 56407.85222933 32.85  30.851891  27.570301 29.957 -100.00 -100.00 -100.00
 178   168.914 56417.76786494  4.07  30.852050  27.575583  4.184 -100.00 -100.00 -100.00
 178   170.623 56417.76786553  3.51  30.853240  27.573155  3.066 -100.00 -100.00 -100.00
 180    41.174 56437.59915037 33.08  30.851064  27.573046   -100 -100.00 -100.00 -100.00
 180    41.594 56437.59915096 34.74  30.852254  27.570618   -100 -100.00 -100.00 -100.00
 183   170.123 56467.34609784  4.70  30.848210  27.569780  3.554 -100.00 -100.00 -100.00
 183   172.243 56467.34609843  4.86  30.849400  27.567351  3.540 -100.00 -100.00 -100.00
 187   169.150 56507.00864734  4.66  30.851430  27.573844  3.634 -100.00 -100.00 -100.00
 187   170.931 56507.00864793  4.66  30.852620  27.571416  3.712 -100.00 -100.00 -100.00
 190    40.760 56536.75558615 30.86  30.852218  27.575458 30.881 -100.00 -100.00 -100.00
 190    40.901 56536.75558674 30.05  30.853408  27.573030 25.145 -100.00 -100.00 -100.00
 194   168.759 56576.41816031  5.47  30.850700  27.572984  4.540 -100.00 -100.00 -100.00
 194   171.563 56576.41816090  5.96  30.851891  27.570556  4.776 -100.00 -100.00 -100.00
 197   168.846 56606.16508991  5.35  30.851646  27.575089  3.463 -100.00 -100.00 -100.00
 197   170.477 56606.16509050  5.68  30.852836  27.572661  3.861 -100.00 -100.00 -100.00
 198    40.799 56616.08073795 40.80  30.849955  27.571270 18.232 -100.00 -100.00 -100.00
 198    39.885 56616.08073854 44.64  30.851145  27.568841   -100 -100.00 -100.00 -100.00
 201   169.256 56645.82766115  4.73  30.852105  27.574881  3.267 -100.00 -100.00 -100.00
 201   170.251 56645.82766174  5.95  30.853295  27.572452  5.382 -100.00 -100.00 -100.00
 207   168.283 56705.32153291  5.11  30.850802  27.574957  4.027 -100.00 -100.00 -100.00
 207   170.128 56705.32153350  5.41  30.851992  27.572529  4.566 -100.00 -100.00 -100.00
 211    40.820 56744.98411587 38.98  30.846509  27.568362 24.559 -100.00 -100.00 -100.00
 211    40.339 56744.98411646 40.60  30.847699  27.565934   -100 -100.00 -100.00 -100.00
 213   168.232 56764.81539297  4.42  30.851408  27.576046  3.651 -100.00 -100.00 -100.00
 213   170.096 56764.81539356  4.42  30.852598  27.573618  3.650 -100.00 -100.00 -100.00
 213   171.375 56764.81539415  4.65  30.853788  27.571190  3.577 -100.00 -100.00 -100.00
 215   170.236 56784.64668735  6.62  30.850044  27.571429  3.555 -100.00 -100.00 -100.00
 215   171.348 56784.64668794  7.86  30.851234  27.569001  5.439 -100.00 -100.00 -100.00
 216    41.503 56794.56234101 34.26  30.846440  27.567827 29.879 -100.00 -100.00 -100.00
 216    41.194 56794.56234160 37.94  30.847630  27.565398   -100 -100.00 -100.00 -100.00
 217    41.910 56804.47799126 40.00  30.844968  27.565152   -100 -100.00 -100.00 -100.00
 217    41.850 56804.47799185 42.86  30.846158  27.562724   -100 -100.00 -100.00 -100.00
 218    41.927 56814.39363371 36.16  30.845597  27.567112   -100 -100.00 -100.00 -100.00
 218    41.964 56814.39363430 35.53  30.846787  27.564684   -100 -100.00 -100.00 -100.00
 221    42.024 56844.14053954 44.89  30.851134  27.572757   -100 -100.00 -100.00 -100.00
 221    41.796 56844.14054013 49.17  30.852324  27.570328  8.129 -100.00 -100.00 -100.00
 223    41.569 56863.97183657 36.13  30.849360  27.571091 32.320 -100.00 -100.00 -100.00
 223    41.961 56863.97183717 37.65  30.850550  27.568663 31.323 -100.00 -100.00 -100.00
 227    41.411 56903.63442886 36.44  30.846763  27.567280   -100 -100.00 -100.00 -100.00
 227    41.171 56903.63442945 38.16  30.847953  27.564852  6.084 -100.00 -100.00 -100.00
 228    40.515 56913.55007009 32.02  30.845537  27.567841   -100 -100.00 -100.00 -100.00
 228    40.615 56913.55007068 34.50  30.846727  27.565413   -100 -100.00 -100.00 -100.00
 229    39.961 56923.46571009 32.34  30.846964  27.568376   -100 -100.00 -100.00 -100.00
 229    40.096 56923.46571068 33.21  30.848154  27.565948   -100 -100.00 -100.00 -100.00
 231    40.283 56943.29697930 44.25  30.853654  27.575592   -100 -100.00 -100.00 -100.00
 231    40.250 56943.29697989 47.08  30.854844  27.573164   -100 -100.00 -100.00 -100.00
 232   170.034 56953.21262562  4.23  30.853693  27.575122  2.930 -100.00 -100.00 -100.00
 232   171.561 56953.21262621  4.12  30.854883  27.572693  3.033 -100.00 -100.00 -100.00
 233   169.591 56963.12827653  4.23  30.850774  27.572545  3.990 -100.00 -100.00 -100.00
 233   171.956 56963.12827712  4.73  30.851964  27.570117  3.844 -100.00 -100.00 -100.00
 236   168.639 56992.87519927  4.65  30.850813  27.574715  3.602 -100.00 -100.00 -100.00
 236   170.317 56992.87519986  3.96  30.852003  27.572286  3.940 -100.00 -100.00 -100.00
 238   168.751 57012.70649121  4.72  30.850573  27.573711  3.773 -100.00 -100.00 -100.00
 238   170.052 57012.70649180  6.33  30.851763  27.571283  5.714 -100.00 -100.00 -100.00
 239    39.469 57022.62214295 40.68  30.848736  27.570512   -100 -100.00 -100.00 -100.00
 239    39.369 57022.62214354 43.06  30.849926  27.568084   -100 -100.00 -100.00 -100.00
 244   169.222 57072.20035852  5.24  30.851419  27.573600  3.932 -100.00 -100.00 -100.00
 244   170.896 57072.20035911  4.87  30.852609  27.571172  3.568 -100.00 -100.00 -100.00
 246   169.768 57092.03163462  4.74  30.852954  27.574917  3.453 -100.00 -100.00 -100.00
 246   171.058 57092.03163521  4.59  30.854144  27.572489  3.269 -100.00 -100.00 -100.00
 247   169.466 57101.94729208  4.65  30.850812  27.572149  4.553 -100.00 -100.00 -100.00
 247   171.563 57101.94729267  4.03  30.852001  27.569721  3.221 -100.00 -100.00 -100.00
 252    41.309 57151.52550615 37.60  30.850614  27.575627   -100 -100.00 -100.00 -100.00
 252    41.269 57151.52550674 38.37  30.851804  27.573199   -100 -100.00 -100.00 -100.00
 252    41.262 57151.52550733 40.17  30.852994  27.570771  1.719 -100.00 -100.00 -100.00
 254   168.306 57171.35679359  4.04  30.851257  27.576249  3.130 -100.00 -100.00 -100.00
 254   169.771 57171.35679418  4.59  30.852447  27.573821  3.639 -100.00 -100.00 -100.00
 254   171.947 57171.35679477  4.85  30.853637  27.571393  3.722 -100.00 -100.00 -100.00
 256   170.492 57191.18810087  3.86  30.848213  27.569160  2.934 -100.00 -100.00 -100.00
 256   172.442 57191.18810146  4.34  30.849403  27.566732  3.490 -100.00 -100.00 -100.00
 257    42.255 57201.10374870 40.18  30.847072  27.568283 31.293 -100.00 -100.00 -100.00
 257    42.277 57201.10374929 42.18  30.848262  27.565855   -100 -100.00 -100.00 -100.00
 258    42.262 57211.01938240 40.11  30.847188  27.569042   -100 -100.00 -100.00 -100.00
 258    42.701 57211.01938299 43.28  30.848378  27.566614 25.782 -100.00 -100.00 -100.00
 262   169.731 57250.68194437  4.47  30.851504  27.573365  3.761 -100.00 -100.00 -100.00
 262   171.055 57250.68194496  5.00  30.852694  27.570936  4.923 -100.00 -100.00 -100.00
 263    41.048 57260.59757897 38.52  30.852212  27.576605  4.860 -100.00 -100.00 -100.00
 263    41.011 57260.59757956 32.67  30.853403  27.574176   -100 -100.00 -100.00 -100.00
 266   167.992 57290.34452292  4.07  30.851351  27.576983  3.410 -100.00 -100.00 -100.00
 266   169.610 57290.34452351  4.26  30.852542  27.574554  3.698 -100.00 -100.00 -100.00
 266   171.530 57290.34452410  4.67  30.853732  27.572126  3.728 -100.00 -100.00 -100.00
 270    41.169 57330.00711379 41.22  30.846960  27.568293 19.009 -100.00 -100.00 -100.00
 270    40.107 57330.00711438 45.06  30.848150  27.565865   -100 -100.00 -100.00 -100.00
 272   169.967 57349.83840333  5.55  30.847816  27.569058  4.781 -100.00 -100.00 -100.00
 272   172.131 57349.83840392  5.42  30.849006  27.566629  4.465 -100.00 -100.00 -100.00
 274    39.464 57369.66969061 41.35  30.847568  27.568406   -100 -100.00 -100.00 -100.00
 274    39.646 57369.66969120 45.47  30.848758  27.565978   -100 -100.00 -100.00 -100.00
 275    39.147 57379.58533031 35.70  30.847887  27.569329   -100 -100.00 -100.00 -100.00
 275    39.529 57379.58533090 34.73  30.849077  27.566900   -100 -100.00 -100.00 -100.00
 276    39.745 57389.50096885 31.63  30.849933  27.571886 32.727 -100.00 -100.00 -100.00
 276    39.570 57389.50096945 32.50  30.851123  27.569457   -100 -100.00 -100.00 -100.00
 277    39.373 57399.41660644 36.58  30.852876  27.575592   -100 -100.00 -100.00 -100.00
 277    39.646 57399.41660704 37.73  30.854066  27.573164   -100 -100.00 -100.00 -100.00
 279   167.953 57419.24789767  4.34  30.851366  27.577031  3.636 -100.00 -100.00 -100.00
 279   169.357 57419.24789826  4.28  30.852556  27.574603  2.910 -100.00 -100.00 -100.00
 279   171.325 57419.24789885  4.54  30.853746  27.572175  2.724 -100.00 -100.00 -100.00
 284   169.225 57468.82613070  4.36  30.850995  27.573387  3.267 -100.00 -100.00 -100.00
 284   171.772 57468.82613129  4.92  30.852185  27.570959  4.289 -100.00 -100.00 -100.00
 285   169.187 57478.74176855  4.37  30.851832  27.574780  2.918 -100.00 -100.00 -100.00
 285   170.994 57478.74176914  4.42  30.853021  27.572352  3.051 -100.00 -100.00 -100.00
 286    40.327 57488.65740327 28.47  30.851730  27.576194 22.297 -100.00 -100.00 -100.00
 286    40.051 57488.65740386 32.79  30.852920  27.573766   -100 -100.00 -100.00 -100.00
 289    41.364 57518.40433441 41.23  30.851148  27.576310 32.304 -100.00 -100.00 -100.00
 289    41.421 57518.40433500 43.43  30.852338  27.573881   -100 -100.00 -100.00 -100.00
 289    41.202 57518.40433559 46.47  30.853528  27.571453   -100 -100.00 -100.00 -100.00
 292   169.514 57548.15128733  5.24  30.847682  27.569473  4.618 -100.00 -100.00 -100.00
 292   172.110 57548.15128792  4.75  30.848872  27.567045  3.485 -100.00 -100.00 -100.00
 293    42.571 57558.06693373 37.49  30.847055  27.567804 24.775 -100.00 -100.00 -100.00
 293    42.037 57558.06693432 41.50  30.848245  27.565376   -100 -100.00 -100.00 -100.00
 297    41.841 57597.72950552 42.20  30.850830  27.572101   -100 -100.00 -100.00 -100.00
 297    41.935 57597.72950611 46.48  30.852020  27.569673   -100 -100.00 -100.00 -100.00
